  -9.9999961e-01   8.8848626e-04
  -9.9864305e-01   5.2077490e-02
  -9.9855772e-01  -5.3688683e-02
  -9.9392466e-01   1.1006257e-01
  -9.9364981e-01  -1.1251693e-01
  -9.8590815e-01  -1.6728753e-01
  -9.8566795e-01   1.6869703e-01
  -9.7589463e-01  -2.1824221e-01
  -9.7501181e-01   2.2215305e-01
  -9.6113099e-01  -2.7609278e-01
  -9.6092041e-01   2.7682481e-01
  -9.5677634e-01  -7.9797330e-02
  -9.5352612e-01   7.4139826e-02
  -9.5125791e-01  -2.7751038e-02
  -9.4836248e-01   1.3495925e-01
  -9.4391186e-01  -3.3019750e-01
  -9.4366927e-01  -1.3247250e-01
  -9.4312789e-01   3.3243013e-01
  -9.4177610e-01   2.1180050e-02
  -9.3094255e-01  -2.3468224e-01
  -9.3071880e-01   1.8650579e-01
  -9.2695409e-01  -1.8182769e-01
  -9.2393433e-01   2.3557339e-01
  -9.2388621e-01  -3.8266730e-01
  -9.2289112e-01   3.8506100e-01
  -9.1307517e-01  -7.9709050e-02
  -9.1196500e-01   1.0431310e-01
  -9.1127365e-01   2.9185840e-01
  -9.0970187e-01  -2.8486442e-01
  -9.0144412e-01  -2.8705598e-02
  -9.0010322e-01   4.3567671e-01
  -8.9923239e-01   5.6432265e-02
  -8.9778141e-01  -4.4044130e-01
  -8.9350118e-01  -1.3106144e-01
  -8.9226110e-01   1.5292283e-01
  -8.8971557e-01   3.4241851e-01
  -8.8925956e-01  -3.3362732e-01
  -8.8601528e-01  -2.2736205e-01
  -8.7875409e-01   2.5098578e-01
  -8.7773189e-01   1.3399056e-02
  -8.7660241e-01  -3.9567856e-01
  -8.7479804e-01   4.8448776e-01
  -8.7187014e-01   2.0137732e-01
  -8.6969552e-01  -1.7724042e-01
  -8.6877223e-01  -4.9521189e-01
  -8.6775159e-01   3.9119234e-01
  -8.6559174e-01  -7.9240768e-02
  -8.6259696e-01   1.0479044e-01
  -8.6190564e-01  -2.7571476e-01
  -8.5728378e-01   2.9872781e-01
  -8.4759953e-01  -4.4881485e-01
  -8.4707893e-01   5.3146710e-01
  -8.4683252e-01  -3.5851519e-01
  -8.4500731e-01  -3.1876332e-02
  -8.4402466e-01   4.3857273e-01
  -8.4302543e-01   5.7852900e-02
  -8.4040887e-01  -1.2787411e-01
  -8.3917874e-01   1.5457476e-01
  -8.3641230e-01  -5.4810078e-01
  -8.3552462e-01  -2.2303349e-01
  -8.3500711e-01   3.4602905e-01
  -8.3106272e-01  -3.1311739e-01
  -8.3105085e-01   2.4720622e-01
  -8.2156261e-01  -4.0509129e-01
  -8.1818342e-01   4.8450499e-01
  -8.1815496e-01  -5.0036029e-01
  -8.1815477e-01   1.2971591e-02
  -8.1707159e-01   5.7653623e-01
  -8.1335275e-01  -1.7385174e-01
  -8.1334289e-01   2.0022938e-01
  -8.1285998e-01  -7.9208462e-02
  -8.1207169e-01   3.9288309e-01
  -8.1080781e-01   1.0635712e-01
  -8.0586770e-01  -2.6586673e-01
  -8.0576157e-01   2.9649613e-01
  -7.9993981e-01  -6.0008024e-01
  -7.9486648e-01  -3.5749609e-01
  -7.9451171e-01  -4.5221533e-01
  -7.9026843e-01   5.2885213e-01
  -7.8818786e-01  -3.2317079e-02
  -7.8732190e-01   4.3888283e-01
  -7.8717741e-01   5.9265592e-02
  -7.8715009e-01  -5.5231173e-01
  -7.8542729e-01  -1.2605700e-01
  -7.8486291e-01   6.1966944e-01
  -7.8411734e-01   1.5381516e-01
  -7.8162359e-01   3.4468019e-01
  -7.8065668e-01  -2.1788604e-01
  -7.7943720e-01   2.4769905e-01
  -7.7493545e-01  -3.1013736e-01
  -7.6810697e-01  -4.0473732e-01
  -7.6758546e-01  -4.9943825e-01
  -7.6487507e-01  -6.4417865e-01
  -7.6064626e-01   1.3648014e-02
  -7.6050565e-01   5.7153990e-01
  -7.6048653e-01   4.8386497e-01
  -7.5803059e-01  -7.8599788e-02
  -7.5702677e-01   3.9176635e-01
  -7.5681289e-01   2.0054336e-01
  -7.5673215e-01   1.0653176e-01
  -7.5641086e-01  -1.7099036e-01
  -7.5290614e-01   2.9634062e-01
  -7.5033856e-01   6.6105373e-01
  -7.5032623e-01  -2.6321529e-01
  -7.4244952e-01  -3.5678830e-01
  -7.4111156e-01  -4.5179402e-01
  -7.4022650e-01  -5.4491075e-01
  -7.4002722e-01  -5.9437455e-01
  -7.3167044e-01  -3.1957904e-02
  -7.3161781e-01   5.2790979e-01
  -7.3112521e-01   5.9997203e-02
  -7.3092236e-01   4.3776028e-01
  -7.2936843e-01  -1.2441338e-01
  -7.2932226e-01   6.1287961e-01
  -7.2901002e-01   1.5390774e-01
  -7.2750712e-01   3.4415104e-01
  -7.2711218e-01  -6.8651866e-01
  -7.2627373e-01   2.4822440e-01
  -7.2521106e-01  -2.1639494e-01
  -7.2000973e-01  -3.0949529e-01
  -7.1474684e-01  -4.0448642e-01
  -7.1392501e-01  -4.9855026e-01
  -7.1193455e-01   7.0224582e-01
  -7.0776133e-01  -6.3696557e-01
  -7.0388451e-01   1.4213234e-02
  -7.0308595e-01   4.8288598e-01
  -7.0223906e-01  -7.7815629e-02
  -7.0184739e-01   1.0709381e-01
  -7.0163022e-01   3.9099994e-01
  -7.0125308e-01   2.0108124e-01
  -7.0109289e-01   5.7166170e-01
  -7.0001913e-01  -1.7002300e-01
  -6.9923375e-01   2.9630777e-01
  -6.9855462e-01   6.5618045e-01
  -6.9519918e-01  -2.6279762e-01
  -6.9342229e-01  -5.5128133e-01
  -6.8938243e-01  -3.5700398e-01
  -6.8737599e-01  -4.5219986e-01
  -6.8684183e-01  -7.2680693e-01
  -6.7727464e-01  -5.9643814e-01
  -6.7676506e-01   7.3619906e-01
  -6.7527653e-01  -3.1503028e-02
  -6.7520912e-01   6.0735779e-02
  -6.7452053e-01   4.3704272e-01
  -6.7388848e-01   1.5437528e-01
  -6.7381546e-01   5.2784540e-01
  -6.7331378e-01  -1.2379074e-01
  -6.7289094e-01   3.4376040e-01
  -6.7235006e-01  -6.7716886e-01
  -6.7227878e-01   2.4867140e-01
  -6.7109096e-01   6.1837574e-01
  -6.6986025e-01  -2.1628543e-01
  -6.6550434e-01  -3.0995695e-01
  -6.6300905e-01  -5.0288303e-01
  -6.6137586e-01  -4.0520195e-01
  -6.5440930e-01   6.7811222e-01
  -6.4758413e-01   1.4776363e-02
  -6.4665772e-01   1.0772262e-01
  -6.4630807e-01  -7.7515178e-02
  -6.4624047e-01   4.8286695e-01
  -6.4609289e-01   3.9052746e-01
  -6.4605334e-01   2.0161917e-01
  -6.4511601e-01  -6.3770620e-01
  -6.4495805e-01   2.9633122e-01
  -6.4484039e-01   5.7506332e-01
  -6.4414061e-01  -1.7002399e-01
  -6.4208713e-01  -7.6663167e-01
  -6.4041151e-01  -5.5118391e-01
  -6.4035687e-01  -2.6331662e-01
  -6.3753281e-01   7.7042321e-01
  -6.3696777e-01  -7.1921319e-01
  -6.3601353e-01  -3.5797984e-01
  -6.3522147e-01  -4.5482335e-01
  -6.2385571e-01   7.1746434e-01
  -6.2191134e-01   6.2903437e-01
  -6.1945740e-01   6.1352686e-02
  -6.1919389e-01  -3.1247573e-02
  -6.1874978e-01   1.5487683e-01
  -6.1848616e-01   4.3699657e-01
  -6.1797706e-01   3.4356668e-01
  -6.1796242e-01   5.3008560e-01
  -6.1779852e-01   2.4902604e-01
  -6.1751284e-01  -1.2383535e-01
  -6.1665930e-01  -5.9579402e-01
  -6.1472414e-01  -2.1684885e-01
  -6.1187429e-01  -6.8233078e-01
  -6.1125404e-01  -3.1099202e-01
  -6.1014938e-01  -5.0345243e-01
  -6.0862187e-01  -4.0701584e-01
  -6.0081366e-01  -7.9938911e-01
  -5.9539515e-01   6.7326126e-01
  -5.9397846e-01   8.0448094e-01
  -5.9247337e-01   5.8073279e-01
  -5.9166838e-01   1.5127865e-02
  -5.9138242e-01   1.0823924e-01
  -5.9096731e-01   2.0204933e-01
  -5.9069592e-01   4.8419171e-01
  -5.9069590e-01   3.9050230e-01
  -5.9057166e-01  -7.7573794e-02
  -5.9031639e-01   2.9641398e-01
  -5.8923861e-01  -7.4094196e-01
  -5.8866694e-01  -1.7053228e-01
  -5.8830119e-01   7.5563364e-01
  -5.8642624e-01  -6.4096977e-01
  -5.8574239e-01  -2.6428157e-01
  -5.8522994e-01  -5.5048800e-01
  -5.8274438e-01  -3.5946624e-01
  -5.8217708e-01  -4.5562958e-01
  -5.6584184e-01   6.2719676e-01
  -5.6415336e-01   5.3312185e-01
  -5.6390344e-01   6.1735800e-02
  -5.6361312e-01   1.5527009e-01
  -5.6345496e-01  -3.1232803e-02
  -5.6342385e-01   7.1599624e-01
  -5.6323022e-01   4.3773308e-01
  -5.6306163e-01   2.4930087e-01
  -5.6301357e-01   3.4362415e-01
  -5.6202623e-01  -1.2423811e-01
  -5.6075380e-01  -6.9439346e-01
  -5.5981549e-01  -2.1772167e-01
  -5.5931007e-01  -5.9678299e-01
  -5.5722984e-01  -3.1227630e-01
  -5.5619171e-01  -5.0351472e-01
  -5.5534101e-01  -4.0794007e-01
  -5.5414984e-01  -7.8256119e-01
  -5.5409084e-01   8.3245621e-01
  -5.5280326e-01  -8.3331180e-01
  -5.4134710e-01   7.7279524e-01
  -5.3726807e-01   6.7254603e-01
  -5.3726632e-01   5.8034017e-01
  -5.3627814e-01   4.8581406e-01
  -5.3614502e-01   1.0856104e-01
  -5.3608020e-01   1.5239430e-02
  -5.3593133e-01   2.0235548e-01
  -5.3569737e-01   3.9091706e-01
  -5.3553820e-01   2.9657548e-01
  -5.3511394e-01  -7.7871075e-02
  -5.3351803e-01  -1.7126102e-01
  -5.3323149e-01  -6.4648529e-01
  -5.3131484e-01  -2.6538528e-01
  -5.3101109e-01  -7.4129890e-01
  -5.3021186e-01  -5.5095646e-01
  -5.2911760e-01  -3.6046969e-01
  -5.2853046e-01  -4.5610119e-01
  -5.1180307e-01   7.2443536e-01
  -5.0965802e-01   6.2701266e-01
  -5.0923551e-01   5.3323070e-01
  -5.0859639e-01   4.3859559e-01
  -5.0855385e-01   6.1888344e-02
  -5.0852441e-01   1.5551449e-01
  -5.0830595e-01  -8.6117655e-01
  -5.0823941e-01   2.4952488e-01
  -5.0819819e-01   3.4389390e-01
  -5.0802891e-01  -3.1413685e-02
  -5.0786244e-01   8.1104392e-01
  -5.0774975e-01   8.6150461e-01
  -5.0682830e-01  -1.2480801e-01
  -5.0586488e-01  -6.9333222e-01
  -5.0510302e-01  -2.1866383e-01
  -5.0488174e-01  -5.9941294e-01
  -5.0480062e-01  -7.9884991e-01
  -5.0312203e-01  -3.1328139e-01
  -5.0206319e-01  -5.0403040e-01
  -5.0166850e-01  -4.0863511e-01
  -4.8356991e-01   6.7643642e-01
  -4.8239669e-01   7.6881551e-01
  -4.8195080e-01   5.8041629e-01
  -4.8147446e-01   4.8602659e-01
  -4.8102078e-01   3.9137864e-01
  -4.8100967e-01   1.0869872e-01
  -4.8096265e-01   2.0255268e-01
  -4.8090087e-01  -7.4324119e-01
  -4.8078760e-01   2.9679030e-01
  -4.8076682e-01   1.5159373e-02
  -4.7991985e-01  -7.8299327e-02
  -4.7861431e-01  -1.7203411e-01
  -4.7802998e-01  -6.4648053e-01
  -4.7690857e-01  -2.6632017e-01
  -4.7614133e-01  -5.5227418e-01
  -4.7523302e-01  -3.6128945e-01
  -4.7467717e-01  -4.5671111e-01
  -4.6547095e-01   8.8506316e-01
  -4.6504668e-01  -8.3740735e-01
  -4.5890120e-01   8.2363808e-01
  -4.5641151e-01  -8.8976881e-01
  -4.5561028e-01   7.2286019e-01
  -4.5538568e-01   6.2878562e-01
  -4.5428578e-01   5.3337725e-01
  -4.5385934e-01   4.3876931e-01
  -4.5352579e-01   3.4415404e-01
  -4.5352511e-01   1.5562746e-01
  -4.5344437e-01   2.4969915e-01
  -4.5339821e-01   6.1866500e-02
  -4.5286325e-01  -3.1715709e-02
  -4.5197218e-01  -6.9452826e-01
  -4.5195698e-01  -7.8332118e-01
  -4.5186144e-01  -1.2541959e-01
  -4.5048690e-01  -2.1949335e-01
  -4.4986340e-01  -5.9966957e-01
  -4.4893452e-01  -3.1412848e-01
  -4.4816876e-01  -5.0486463e-01
  -4.4779985e-01  -4.0933390e-01
  -4.3019415e-01   7.7337560e-01
  -4.2820041e-01   6.7590205e-01
  -4.2745615e-01   5.8125528e-01
  -4.2669339e-01   4.8613949e-01
  -4.2632968e-01   3.9148721e-01
  -4.2609856e-01   2.9694796e-01
  -4.2608729e-01   2.0265687e-01
  -4.2600336e-01   1.0869976e-01
  -4.2567867e-01   1.4959312e-02
  -4.2494162e-01  -7.8771284e-02
  -4.2386421e-01  -1.7273584e-01
  -4.2338418e-01  -7.3814146e-01
  -4.2328601e-01  -6.4721718e-01
  -4.2265502e-01   8.5867980e-01
  -4.2251050e-01  -2.6712296e-01
  -4.2168467e-01  -5.5252420e-01
  -4.2120825e-01  -3.6203988e-01
  -4.2079342e-01  -4.5741015e-01
  -4.1743229e-01  -8.1998353e-01
  -4.1627893e-01   9.0923696e-01
  -4.1054818e-01  -8.6672897e-01
  -4.0210776e-01  -9.1559235e-01
  -4.0184864e-01   7.2454920e-01
  -4.0044240e-01   6.2863103e-01
  -3.9971901e-01   5.3375520e-01
  -3.9949792e-01   8.1534495e-01
  -3.9916139e-01   4.3881952e-01
  -3.9885693e-01   3.4421069e-01
  -3.9870724e-01   2.4978608e-01
  -3.9863542e-01   1.5563971e-01
  -3.9841574e-01   6.1736432e-02
  -3.9790339e-01  -3.2068478e-02
  -3.9705853e-01  -1.2599219e-01
  -3.9594038e-01  -2.2021390e-01
  -3.9518564e-01  -6.9270120e-01
  -3.9511506e-01  -5.9998675e-01
  -3.9470454e-01  -3.1487547e-01
  -3.9396286e-01  -5.0520982e-01
  -3.9383091e-01  -4.1001185e-01
  -3.9150972e-01  -7.7926086e-01
  -3.7377026e-01   6.7655493e-01
  -3.7317988e-01   7.6947261e-01
  -3.7272191e-01   5.8117984e-01
  -3.7236729e-01   8.6745865e-01
  -3.7210569e-01   4.8626950e-01
  -3.7167149e-01   3.9148432e-01
  -3.7142414e-01   2.9696587e-01
  -3.7130334e-01   2.0267039e-01
  -3.7125013e-01   9.2853290e-01
  -3.7112718e-01   1.0861307e-01
  -3.7077085e-01   1.4703054e-02
  -3.7012618e-01  -7.9226888e-02
  -3.6922494e-01  -1.7335443e-01
  -3.6812897e-01  -2.6782171e-01
  -3.6748070e-01  -6.4633070e-01
  -3.6715813e-01  -5.5278822e-01
  -3.6710109e-01  -3.6271529e-01
  -3.6667139e-01  -4.5785436e-01
  -3.6558659e-01  -8.3023049e-01
  -3.6479423e-01  -7.3703856e-01
  -3.5710854e-01  -8.8052641e-01
  -3.5091817e-01  -9.3640613e-01
  -3.4592075e-01   7.2286369e-01
  -3.4588044e-01   6.2880135e-01
  -3.4584170e-01   8.1812567e-01
  -3.4508242e-01   5.3365034e-01
  -3.4456441e-01   4.3881659e-01
  -3.4421230e-01   3.4417286e-01
  -3.4400998e-01   2.4976578e-01
  -3.4384935e-01   1.5557611e-01
  -3.4357970e-01   6.1551645e-02
  -3.4310082e-01  -3.2421966e-02
  -3.4237903e-01  -1.2650616e-01
  -3.4145277e-01  -2.2083906e-01
  -3.4044966e-01  -3.1552721e-01
  -3.3982386e-01  -5.9971270e-01
  -3.3969316e-01  -4.1052900e-01
  -3.3960639e-01  -5.0553935e-01
  -3.3849641e-01  -6.9205701e-01
  -3.3704179e-01  -7.8708112e-01
  -3.3319754e-01   8.9831991e-01
  -3.1895624e-01   9.4776944e-01
  -3.1850026e-01   6.7571276e-01
  -3.1832199e-01   7.7059582e-01
  -3.1815309e-01   5.8109612e-01
  -3.1750331e-01   4.8612441e-01
  -3.1706653e-01   3.9141540e-01
  -3.1677627e-01   2.9690505e-01
  -3.1658969e-01   2.0260473e-01
  -3.1636469e-01   1.0847529e-01
  -3.1600415e-01   1.4434202e-02
  -3.1543627e-01  -7.9643802e-02
  -3.1467199e-01  -1.7389372e-01
  -3.1376486e-01  -2.6842478e-01
  -3.1337652e-01  -8.4006126e-01
  -3.1289473e-01  -3.6326689e-01
  -3.1240469e-01  -4.5826542e-01
  -3.1230930e-01  -5.5285447e-01
  -3.1178005e-01   8.5727824e-01
  -3.1162329e-01  -9.0193130e-01
  -3.1160873e-01  -6.4628268e-01
  -3.1051830e-01  -7.4064278e-01
  -2.9678021e-01  -9.5494581e-01
  -2.9100461e-01   7.2317630e-01
  -2.9100092e-01   6.2821619e-01
  -2.9051091e-01   5.3344623e-01
  -2.8996633e-01   4.3864995e-01
  -2.8959902e-01   3.4407671e-01
  -2.8935422e-01   2.4968400e-01
  -2.8914747e-01   1.5546164e-01
  -2.8886127e-01   6.1347122e-02
  -2.8842011e-01  -3.2753018e-02
  -2.8779606e-01  -1.2695861e-01
  -2.8720950e-01   8.1446066e-01
  -2.8701361e-01  -2.2137746e-01
  -2.8616036e-01  -3.1607385e-01
  -2.8544845e-01  -4.1099819e-01
  -2.8504700e-01  -5.0581191e-01
  -2.8467539e-01  -7.9053497e-01
  -2.8453845e-01  -5.9996013e-01
  -2.8369496e-01  -6.9425011e-01
  -2.8178411e-01   9.0905234e-01
  -2.7426543e-01  -8.7292291e-01
  -2.6847815e-01   9.6328577e-01
  -2.6374128e-01   6.7552292e-01
  -2.6344537e-01   5.8060420e-01
  -2.6291839e-01   4.8587863e-01
  -2.6246227e-01   3.9125005e-01
  -2.6215675e-01   2.9680014e-01
  -2.6193585e-01   2.0249834e-01
  -2.6179517e-01   7.6922626e-01
  -2.6169364e-01   1.0831394e-01
  -2.6134760e-01   1.4174936e-02
  -2.6084504e-01  -8.0015356e-02
  -2.6018711e-01  -1.7435999e-01
  -2.5940957e-01  -2.6893706e-01
  -2.5862866e-01  -3.6375911e-01
  -2.5801074e-01  -4.5865676e-01
  -2.5790412e-01   8.6514911e-01
  -2.5746009e-01  -5.5325386e-01
  -2.5693267e-01  -9.2232399e-01
  -2.5675041e-01  -6.4774342e-01
  -2.5658048e-01  -7.4292616e-01
  -2.5293306e-01  -8.3080699e-01
  -2.3977592e-01  -9.7082826e-01
  -2.3633069e-01   6.2779708e-01
  -2.3586045e-01   5.3301162e-01
  -2.3568821e-01   7.2231031e-01
  -2.3536323e-01   4.3841250e-01
  -2.3498981e-01   3.4392794e-01
  -2.3473590e-01   2.4957448e-01
  -2.3451514e-01   1.5532778e-01
  -2.3423533e-01   6.1143494e-02
  -2.3383475e-01  -3.3052802e-02
  -2.3333855e-01   8.1898955e-01
  -2.3328934e-01  -1.2735278e-01
  -2.3261130e-01  -2.2183846e-01
  -2.3200530e-01   9.2063609e-01
  -2.3185545e-01  -3.1655611e-01
  -2.3113115e-01  -4.1144589e-01
  -2.3048361e-01  -5.0628636e-01
  -2.2980799e-01  -6.0103487e-01
  -2.2920273e-01  -6.9594507e-01
  -2.2668635e-01  -7.8740482e-01
  -2.2237858e-01  -8.8101181e-01
  -2.1796759e-01   9.7595601e-01
  -2.0888057e-01   6.7476541e-01
  -2.0879493e-01   5.8011452e-01
  -2.0827281e-01   4.8551110e-01
  -2.0802927e-01   7.7088716e-01
  -2.0784655e-01   3.9104920e-01
  -2.0755069e-01   2.9667197e-01
  -2.0733179e-01   2.0238064e-01
  -2.0709682e-01   1.0815190e-01
  -2.0677728e-01   1.3935819e-02
  -2.0672711e-01   8.7164565e-01
  -2.0633174e-01  -8.0342265e-02
  -2.0575538e-01  -1.7476232e-01
  -2.0506883e-01  -2.6938621e-01
  -2.0433219e-01  -3.6421824e-01
  -2.0361557e-01  -4.5915603e-01
  -2.0291264e-01  -5.5411044e-01
  -2.0223532e-01  -9.3204391e-01
  -2.0216786e-01  -6.4908969e-01
  -2.0028609e-01  -7.4245502e-01
  -1.9801993e-01  -8.3637585e-01
  -1.8391508e-01  -9.8294214e-01
  -1.8174116e-01   9.2413388e-01
  -1.8163898e-01   7.2250610e-01
  -1.8160473e-01   6.2707885e-01
  -1.8140490e-01   8.2064802e-01
  -1.8118926e-01   5.3255481e-01
  -1.8070938e-01   4.3812750e-01
  -1.8037470e-01   3.4377294e-01
  -1.8014473e-01   2.4946121e-01
  -1.7994043e-01   1.5519664e-01
  -1.7968342e-01   6.0954158e-02
  -1.7932447e-01  -3.3319486e-02
  -1.7884278e-01  -1.2769581e-01
  -1.7824264e-01  -2.2224199e-01
  -1.7755140e-01  -3.1699656e-01
  -1.7681989e-01  -4.1193617e-01
  -1.7608894e-01  -5.0700275e-01
  -1.7531114e-01  -6.0213403e-01
  -1.7385584e-01  -6.9657001e-01
  -1.7187782e-01  -7.9136016e-01
  -1.7042933e-01  -8.8812851e-01
  -1.6972182e-01   9.8549201e-01
  -1.5578630e-01   8.6934821e-01
  -1.5492416e-01   7.7064463e-01
  -1.5453730e-01   6.7431474e-01
  -1.5406615e-01   5.7948305e-01
  -1.5357337e-01   4.8514915e-01
  -1.5319411e-01   3.9085062e-01
  -1.5295219e-01   2.9655649e-01
  -1.5276801e-01   2.0227163e-01
  -1.5256119e-01   1.0800321e-01
  -1.5227564e-01   1.3721810e-02
  -1.5188013e-01  -8.0629102e-02
  -1.5136797e-01  -1.7511534e-01
  -1.5074837e-01  -2.6979106e-01
  -1.5005049e-01  -3.6467870e-01
  -1.4931903e-01  -4.5976772e-01
  -1.4882682e-01  -9.4037485e-01
  -1.4854477e-01  -5.5501009e-01
  -1.4738050e-01  -6.5005367e-01
  -1.4576896e-01  -7.4545325e-01
  -1.4464574e-01  -8.4221688e-01
  -1.3910282e-01   9.4851360e-01
  -1.2854721e-01   8.1791682e-01
  -1.2830062e-01  -9.9173532e-01
  -1.2773333e-01   7.2160834e-01
  -1.2701749e-01   6.2644669e-01
  -1.2641829e-01   5.3206880e-01
  -1.2599938e-01   4.3788541e-01
  -1.2574311e-01   3.4364806e-01
  -1.2557713e-01   2.4936965e-01
  -1.2541411e-01   1.5508161e-01
  -1.2519184e-01   6.0785885e-02
  -1.2487398e-01  -3.3554620e-02
  -1.2444506e-01  -1.2799804e-01
  -1.2390558e-01  -2.2260369e-01
  -1.2326963e-01  -3.1741691e-01
  -1.2256968e-01  -4.1246326e-01
  -1.2194177e-01   9.0501410e-01
  -1.2182279e-01  -5.0773515e-01
  -1.2085851e-01  -6.0308843e-01
  -1.1957947e-01  -6.9884906e-01
  -1.1852514e-01  -8.9441984e-01
  -1.1840706e-01  -7.9576108e-01
  -1.1340765e-01   9.9354854e-01
  -1.0101164e-01   7.6828315e-01
  -1.0010785e-01   6.7331417e-01
  -9.9296130e-02   5.7892261e-01
  -9.8775305e-02   4.8484063e-01
  -9.8504278e-02   3.9071922e-01
  -9.8359867e-02   2.9648044e-01
  -9.8240769e-02   2.0218689e-01
  -9.8076916e-02   1.0787519e-01
  -9.8023258e-02   8.5922489e-01
  -9.7829536e-02   1.3533714e-02
  -9.7478228e-02  -8.0882482e-02
  -9.7018183e-02  -1.7543133e-01
  -9.6455019e-02  -2.7016786e-01
  -9.5809655e-02  -3.6513710e-01
  -9.5582922e-02  -9.4642451e-01
  -9.5107319e-02  -4.6036511e-01
  -9.4282517e-02  -5.5582067e-01
  -9.3266880e-02  -6.5172723e-01
  -9.2246194e-02  -7.4863208e-01
  -9.1984249e-02  -8.4704190e-01
  -8.5278800e-02   9.4947886e-01
  -7.3213896e-02   7.1971576e-01
  -7.2737714e-02  -9.9735110e-01
  -7.2239765e-02   8.1212533e-01
  -7.2239001e-02   6.2561321e-01
  -7.1538927e-02   5.3170587e-01
  -7.1217507e-02   4.3774371e-01
  -7.1102559e-02   3.4359389e-01
  -7.1034721e-02   2.4931531e-01
  -7.0931036e-02   1.5499117e-01
  -7.0750305e-02   6.0640866e-02
  -7.0471788e-02  -3.3761967e-02
  -7.0087398e-02  -1.2826835e-01
  -6.9598887e-02  -2.2293614e-01
  -6.9018795e-02  -3.1781942e-01
  -6.8370835e-02  -4.1296069e-01
  -6.7647289e-02  -5.0838282e-01
  -6.6825962e-02  -6.0426078e-01
  -6.6380790e-02  -8.9867438e-01
  -6.5996869e-02  -7.0101347e-01
  -6.5719353e-02   9.0347942e-01
  -6.5547745e-02  -7.9912219e-01
  -5.8954482e-02   9.9826067e-01
  -4.5327794e-02   7.6465640e-01
  -4.5181429e-02   6.7191609e-01
  -4.4300538e-02   5.7839987e-01
  -4.3875714e-02   4.8470073e-01
  -4.3784647e-02   2.9646331e-01
  -4.3784614e-02   3.9069560e-01
  -4.3749916e-02   2.0213473e-01
  -4.3637378e-02   1.0777113e-01
  -4.3428923e-02   1.3369733e-02
  -4.3116513e-02  -8.1108644e-02
  -4.2700631e-02  -1.7571955e-01
  -4.2303180e-02  -9.4983517e-01
  -4.2188784e-02  -2.7052172e-01
  -4.2136994e-02   8.5692068e-01
  -4.1599196e-02  -3.6556495e-01
  -4.0949611e-02  -4.6088655e-01
  -4.0259377e-02  -5.5661926e-01
  -3.9597322e-02  -6.5309289e-01
  -3.9507675e-02  -8.4986627e-01
  -3.9178755e-02  -7.5075814e-01
  -3.2754262e-02   9.5170424e-01
  -1.7658604e-02   7.1734496e-01
  -1.7294630e-02  -9.9985044e-01
  -1.7026461e-02   6.2476442e-01
  -1.6646985e-02   8.0977395e-01
  -1.6524854e-02   2.4930739e-01
  -1.6488657e-02   1.5492865e-01
  -1.6471796e-02   3.4362598e-01
  -1.6465978e-02   5.3152812e-01
  -1.6384349e-02   4.3777191e-01
  -1.6351174e-02   6.0518657e-02
  -1.6108672e-02  -3.3945813e-02
  -1.5762256e-02  -1.2851369e-01
  -1.5318419e-02  -2.2324431e-01
  -1.4789353e-02  -3.1819437e-01
  -1.4195906e-02  -4.1340338e-01
  -1.4030919e-02  -9.0048065e-01
  -1.3581954e-02  -5.0894988e-01
  -1.3031864e-02  -6.0506772e-01
  -1.2855146e-02  -8.0064125e-01
  -1.2699934e-02  -7.0217075e-01
  -1.1820481e-02   9.0410668e-01
  -4.2959489e-03   9.9999077e-01
   1.0266469e-02   7.6259654e-01
   1.0486722e-02   6.7051846e-01
   1.0701571e-02   2.0211834e-01
   1.0758639e-02   2.9651110e-01
   1.0762045e-02   1.0769101e-01
   1.0906205e-02  -9.5049578e-01
   1.0928988e-02   3.9079906e-01
   1.0934136e-02   1.3226892e-02
   1.1046197e-02   5.7811173e-01
   1.1130572e-02   4.8478737e-01
   1.1213235e-02  -8.1312851e-02
   1.1591406e-02  -1.7598470e-01
   1.2058359e-02  -2.7084923e-01
   1.2120768e-02   8.5618888e-01
   1.2600162e-02  -3.6595529e-01
   1.2969939e-02  -8.5037404e-01
   1.3176367e-02  -4.6134220e-01
   1.3685093e-02  -5.5711850e-01
   1.3811163e-02  -7.5125132e-01
   1.3961120e-02  -6.5359895e-01
   2.0161316e-02   9.5208853e-01
   3.7855267e-02  -9.9928323e-01
   3.7913780e-02   1.5489391e-01
   3.7943331e-02   2.4934643e-01
   3.8011476e-02   6.0416815e-02
   3.8122227e-02   3.4374951e-01
   3.8152559e-02   8.0836745e-01
   3.8188402e-02   7.1591520e-01
   3.8223262e-02  -3.4110430e-02
   3.8413988e-02  -8.9971462e-01
   3.8456045e-02   4.3796827e-01
   3.8538188e-02  -1.2873827e-01
   3.8761643e-02   6.2426619e-01
   3.8812468e-02   5.3167690e-01
   3.8944216e-02  -2.2352835e-01
   3.9430423e-02  -3.1853765e-01
   3.9895336e-02  -8.0010417e-01
   3.9977058e-02  -4.1380537e-01
   4.0501855e-02  -5.0934642e-01
   4.0660952e-02  -7.0200951e-01
   4.0809016e-02  -6.0527542e-01
   4.1257781e-02   9.0348021e-01
   5.0850537e-02   9.9870627e-01
   6.3832458e-02  -9.4840125e-01
   6.5110084e-02   2.0213604e-01
   6.5124557e-02   1.0763226e-01
   6.5252053e-02   2.9662163e-01
   6.5266358e-02   1.3101293e-02
   6.5519062e-02  -8.1499218e-02
   6.5539929e-02  -8.4854163e-01
   6.5600339e-02   3.9102379e-01
   6.5769292e-02   7.6131596e-01
   6.5803793e-02   8.5467931e-01
   6.5866562e-02  -1.7622833e-01
   6.6168409e-02   4.8510413e-01
   6.6296488e-02  -2.7114949e-01
   6.6637449e-02   6.7003193e-01
   6.6749003e-02   5.7834010e-01
   6.6799686e-02  -3.6631068e-01
   6.7005087e-02  -7.5009207e-01
   6.7344886e-02  -4.6172055e-01
   6.7747557e-02  -6.5324231e-01
   6.7772381e-02  -5.5732504e-01
   7.3688931e-02   9.5016316e-01
   9.0873428e-02  -8.9641117e-01
   9.2276272e-02   1.5488317e-01
   9.2342523e-02   6.0331184e-02
   9.2360522e-02   2.4942894e-01
   9.2500055e-02  -9.9571268e-01
   9.2531424e-02  -3.4260118e-02
   9.2652620e-02   3.4395416e-01
   9.2822735e-02  -1.2894482e-01
   9.2920872e-02  -7.9766778e-01
   9.2941913e-02   8.0681305e-01
   9.3198328e-02  -2.2378826e-01
   9.3247349e-02   4.3833079e-01
   9.3650388e-02  -3.1885121e-01
   9.3924520e-02   9.0126378e-01
   9.4152534e-02   5.3216038e-01
   9.4176380e-02  -4.1415491e-01
   9.4433726e-02   7.1552141e-01
   9.4437992e-02  -7.0081866e-01
   9.4720823e-02  -5.0964460e-01
   9.4954168e-02   6.2478280e-01
   9.4982475e-02  -6.0514167e-01
   1.0653416e-01   9.9430904e-01
   1.1623167e-01  -9.4364402e-01
   1.1835874e-01  -8.4459677e-01
   1.1945275e-01   1.0758961e-01
   1.1947155e-01   2.0218221e-01
   1.1954590e-01   8.5242300e-01
   1.1957388e-01   1.2987936e-02
   1.1968029e-01   2.9678757e-01
   1.1980934e-01  -8.1671386e-02
   1.2013437e-01  -1.7645195e-01
   1.2018577e-01   3.9135630e-01
   1.2053424e-01  -2.7142228e-01
   1.2078282e-01  -7.4780319e-01
   1.2101598e-01  -3.6662906e-01
   1.2114392e-01   4.8566468e-01
   1.2158573e-01  -4.6203819e-01
   1.2182521e-01   7.6071330e-01
   1.2211057e-01  -6.5263431e-01
   1.2213491e-01  -5.5749713e-01
   1.2246518e-01   5.7913881e-01
   1.2330810e-01   6.7107809e-01
   1.2816364e-01   9.4606403e-01
   1.4338838e-01  -8.9079368e-01
   1.4635961e-01   8.9826836e-01
   1.4645087e-01  -9.8921795e-01
   1.4659857e-01   1.5488932e-01
   1.4664639e-01   6.0255393e-02
   1.4664658e-01  -7.9400447e-01
   1.4671788e-01   2.4954596e-01
   1.4682328e-01  -3.4399795e-02
   1.4709418e-01   3.4423247e-01
   1.4710067e-01  -1.2913590e-01
   1.4745346e-01  -2.2402479e-01
   1.4788007e-01  -3.1913121e-01
   1.4791447e-01   4.3884534e-01
   1.4841750e-01  -4.1446891e-01
   1.4845464e-01   8.0547331e-01
   1.4906933e-01  -5.0991363e-01
   1.4909656e-01  -6.9962387e-01
   1.4937265e-01   5.3304990e-01
   1.4961942e-01  -6.0519028e-01
   1.5107678e-01   6.2607584e-01
   1.5158309e-01   7.1729965e-01
   1.6292501e-01   9.8663846e-01
   1.6790285e-01  -9.3645327e-01
   1.7187789e-01  -8.3926014e-01
   1.7374900e-01   1.0755442e-01
   1.7375396e-01   8.4975504e-01
   1.7378236e-01   2.0224674e-01
   1.7386279e-01   1.2880234e-02
   1.7402690e-01   2.9699754e-01
   1.7409291e-01  -8.1833542e-02
   1.7440456e-01  -1.7665669e-01
   1.7464305e-01   3.9179405e-01
   1.7478144e-01  -2.7166648e-01
   1.7525300e-01  -3.6691165e-01
   1.7582342e-01  -7.4590809e-01
   1.7589694e-01  -4.6234962e-01
   1.7591598e-01   4.8646109e-01
   1.7667844e-01  -5.5772781e-01
   1.7719324e-01  -6.5264647e-01
   1.7798581e-01   5.8054087e-01
   1.7949362e-01   7.6358661e-01
   1.7983166e-01   6.7300692e-01
   1.8477688e-01   9.4054223e-01
   1.9632864e-01  -8.8351614e-01
   1.9778406e-01   8.9406423e-01
   1.9962999e-01  -9.7987135e-01
   2.0088056e-01   1.5490006e-01
   2.0092771e-01   6.0180384e-02
   2.0100688e-01   2.4968433e-01
   2.0110665e-01  -3.4535490e-02
   2.0138202e-01  -1.2931433e-01
   2.0141713e-01   3.4457139e-01
   2.0171937e-01  -2.2423662e-01
   2.0208915e-01  -7.9124197e-01
   2.0212601e-01  -3.1937952e-01
   2.0238419e-01   4.3952376e-01
   2.0268620e-01  -4.1475707e-01
   2.0351299e-01  -5.1024892e-01
   2.0426865e-01   5.3426835e-01
   2.0445854e-01  -6.0542789e-01
   2.0484727e-01  -6.9982186e-01
   2.0661641e-01   8.1038271e-01
   2.0696308e-01   6.2821006e-01
   2.0840651e-01   7.1999647e-01
   2.1889616e-01  -9.2732356e-01
   2.2074506e-01   9.7533154e-01
   2.2755619e-01  -8.3532157e-01
   2.2801646e-01   1.0751387e-01
   2.2803890e-01   2.0231216e-01
   2.2813970e-01   1.2769598e-02
   2.2827539e-01   2.9723506e-01
   2.2837934e-01  -8.1990175e-02
   2.2868806e-01  -1.7684328e-01
   2.2891876e-01   3.9232181e-01
   2.2904513e-01  -2.7187937e-01
   2.2950825e-01  -3.6716702e-01
   2.3023014e-01  -4.6266050e-01
   2.3038908e-01   4.8749934e-01
   2.3133391e-01  -5.5815080e-01
   2.3147711e-01   8.5924119e-01
   2.3242398e-01  -6.5296699e-01
   2.3253922e-01  -7.4674837e-01
   2.3302918e-01   5.8234857e-01
   2.3613287e-01   6.7617931e-01
   2.3625472e-01   7.6726852e-01
   2.4102272e-01   9.1834371e-01
   2.5151692e-01  -8.7789992e-01
   2.5224166e-01  -9.6766427e-01
   2.5512368e-01   1.5489685e-01
   2.5519216e-01   6.0094050e-02
   2.5521839e-01   2.4981859e-01
   2.5539033e-01  -3.4674099e-02
   2.5559192e-01   3.4495011e-01
   2.5567778e-01  -1.2948215e-01
   2.5600653e-01  -2.2442262e-01
   2.5638765e-01  -3.1959133e-01
   2.5657668e-01   4.4032749e-01
   2.5696648e-01  -4.1503389e-01
   2.5794941e-01  -5.1061759e-01
   2.5873957e-01   5.3582536e-01
   2.5942238e-01  -6.0605658e-01
   2.6015106e-01  -7.9363218e-01
   2.6052055e-01  -7.0030880e-01
   2.6216932e-01   6.3080058e-01
   2.6220184e-01   8.1552554e-01
   2.6503526e-01   7.2475874e-01
   2.7125472e-01  -9.1942183e-01
   2.7222499e-01   9.6223363e-01
   2.8022801e-01   8.6758281e-01
   2.8224046e-01   2.0235080e-01
   2.8226059e-01   1.0745017e-01
   2.8240767e-01   2.9746115e-01
   2.8241251e-01   1.2646623e-02
   2.8267964e-01  -8.2145795e-02
   2.8297069e-01   3.9290461e-01
   2.8299653e-01  -1.7701070e-01
   2.8333308e-01  -2.7205773e-01
   2.8376817e-01  -3.6738243e-01
   2.8445144e-01   4.8869238e-01
   2.8455630e-01  -4.6298875e-01
   2.8591194e-01  -5.5863023e-01
   2.8727428e-01  -8.4114224e-01
   2.8751030e-01   5.8463621e-01
   2.8781059e-01  -6.5400751e-01
   2.8857754e-01  -7.4742740e-01
   2.9141463e-01   6.7977096e-01
   2.9248631e-01   9.1219242e-01
   2.9273701e-01   7.7477408e-01
   3.0639648e-01  -9.5190399e-01
   3.0933348e-01   1.5485217e-01
   3.0934883e-01   2.4990609e-01
   3.0944835e-01   5.9983346e-02
   3.0958881e-01   3.4530215e-01
   3.0968434e-01  -3.4821753e-02
   3.1000076e-01  -1.2964127e-01
   3.1032582e-01  -2.2457732e-01
   3.1044245e-01   4.4119828e-01
   3.1066784e-01  -3.1975951e-01
   3.1122608e-01  -4.1526483e-01
   3.1215242e-01  -8.9110049e-01
   3.1234693e-01  -5.1104812e-01
   3.1261858e-01   5.3754376e-01
   3.1416465e-01  -6.0671115e-01
   3.1610983e-01  -7.9430909e-01
   3.1644543e-01   8.2830947e-01
   3.1646375e-01  -7.0213659e-01
   3.1669942e-01   6.3410463e-01
   3.1992259e-01   7.2952896e-01
   3.2593017e-01   9.4539385e-01
   3.3639332e-01   2.0231849e-01
   3.3641807e-01   2.9760690e-01
   3.3649301e-01   1.0734401e-01
   3.3669104e-01   1.2503612e-02
   3.3675595e-01   3.9342626e-01
   3.3683694e-01   8.8232062e-01
   3.3700593e-01  -8.2303152e-02
   3.3734459e-01  -1.7715827e-01
   3.3765351e-01  -2.7218763e-01
   3.3803114e-01  -3.6754421e-01
   3.3805804e-01   4.8995215e-01
   3.3881564e-01  -4.6325191e-01
   3.4041107e-01  -5.5924428e-01
   3.4115918e-01   5.8701558e-01
   3.4179455e-01  -8.4089040e-01
   3.4268515e-01  -6.5488957e-01
   3.4525869e-01  -7.5077539e-01
   3.4601745e-01   7.8039508e-01
   3.4603146e-01   6.8444570e-01
   3.5299868e-01  -9.3562382e-01
   3.6318669e-01  -8.8537091e-01
   3.6340207e-01   3.4551683e-01
   3.6340680e-01   2.4987294e-01
   3.6352692e-01   1.5473626e-01
   3.6370932e-01   5.9838441e-02
   3.6392481e-01   4.4193080e-01
   3.6399978e-01  -3.4981463e-02
   3.6436468e-01  -1.2979177e-01
   3.6469435e-01  -2.2469618e-01
   3.6496874e-01  -3.1985415e-01
   3.6546501e-01  -4.1542927e-01
   3.6590020e-01   5.3929470e-01
   3.6659865e-01  -5.1135772e-01
   3.6880299e-01  -6.0764057e-01
   3.6897987e-01   8.2940777e-01
   3.7011423e-01   6.3716803e-01
   3.7128820e-01  -7.0321192e-01
   3.7174338e-01   9.2833553e-01
   3.7375265e-01  -8.0064186e-01
   3.7455786e-01   7.3586743e-01
   3.8814361e-01   8.7346564e-01
   3.9027823e-01   3.9371497e-01
   3.9031929e-01   2.9754763e-01
   3.9052500e-01   2.0216726e-01
   3.9073448e-01   1.0718269e-01
   3.9098661e-01   1.2338790e-02
   3.9113887e-01   4.9090207e-01
   3.9137091e-01  -8.2463658e-02
   3.9174885e-01  -1.7728198e-01
   3.9202718e-01  -2.7225886e-01
   3.9229050e-01  -3.6759373e-01
   3.9302652e-01  -4.6343084e-01
   3.9412584e-01   5.8930576e-01
   3.9462902e-01  -5.5959246e-01
   3.9751902e-01  -6.5636048e-01
   3.9933011e-01   6.8771461e-01
   3.9959622e-01  -7.5162591e-01
   4.0120163e-01  -8.5258047e-01
   4.0216102e-01   7.8745768e-01
   4.0385640e-01  -9.1482239e-01
   4.1704739e-01   3.4538727e-01
   4.1706490e-01   4.4226946e-01
   4.1743803e-01   2.4964131e-01
   4.1773790e-01   1.5453018e-01
   4.1799213e-01   5.9664652e-02
   4.1834638e-01  -3.5156416e-02
   4.1850183e-01   5.4036059e-01
   4.1878517e-01  -1.2993325e-01
   4.1913272e-01  -2.2476658e-01
   4.1931565e-01  -3.1986072e-01
   4.1947938e-01   9.0776486e-01
   4.1966432e-01  -4.1541521e-01
   4.2078269e-01  -5.1156304e-01
   4.2291949e-01  -6.0794169e-01
   4.2306960e-01   6.3984784e-01
   4.2643818e-01  -7.0563600e-01
   4.2681187e-01  -7.9928482e-01
   4.2806285e-01   7.3735686e-01
   4.2835833e-01   8.3937846e-01
   4.4355896e-01   3.9343454e-01
   4.4383583e-01   4.9119578e-01
   4.4418575e-01   2.9716253e-01
   4.4469215e-01   2.0186547e-01
   4.4501766e-01   1.0698362e-01
   4.4530363e-01   1.2157570e-02
   4.4578828e-01  -8.2637089e-02
   4.4623204e-01  -1.7737451e-01
   4.4628342e-01   5.9013722e-01
   4.4647734e-01  -2.7224319e-01
   4.4658578e-01  -3.6752349e-01
   4.4714626e-01  -4.6330673e-01
   4.4755747e-01  -8.9425517e-01
   4.4880902e-01  -5.5983309e-01
   4.5117078e-01  -8.4321543e-01
   4.5137706e-01  -6.5629533e-01
   4.5340546e-01   6.9019897e-01
   4.5547020e-01   7.8462624e-01
   4.5575461e-01  -7.5571196e-01
   4.6096081e-01   8.8742050e-01
   4.6989360e-01   4.4167841e-01
   4.7063723e-01   3.4474505e-01
   4.7078626e-01   5.4040407e-01
   4.7153271e-01   2.4915706e-01
   4.7202482e-01   1.5427032e-01
   4.7230621e-01   5.9485387e-02
   4.7272410e-01  -3.5352339e-02
   4.7328561e-01  -1.3008400e-01
   4.7367299e-01  -2.2476188e-01
   4.7372395e-01  -3.1972929e-01
   4.7390612e-01  -4.1525540e-01
   4.7479591e-01  -5.1121642e-01
   4.7514287e-01   6.3963546e-01
   4.7719496e-01  -6.0822155e-01
   4.7963018e-01  -7.0428668e-01
   4.7977307e-01   8.2661986e-01
   4.8441652e-01   7.3979810e-01
   4.8603929e-01  -8.0671061e-01
   4.9549876e-01  -8.6860865e-01
   4.9615906e-01   4.9000261e-01
   4.9677760e-01   3.9239556e-01
   4.9814848e-01   2.9636336e-01
   4.9841820e-01   5.8965088e-01
   4.9899863e-01   2.0148321e-01
   4.9936956e-01   1.0679509e-01
   4.9962738e-01   1.1971368e-02
   5.0026503e-01  -8.2844273e-02
   5.0084015e-01  -1.7746340e-01
   5.0091551e-01  -3.6726001e-01
   5.0104100e-01  -2.7207147e-01
   5.0136311e-01  -4.6303897e-01
   5.0188294e-01   8.6493556e-01
   5.0267848e-01  -5.5900218e-01
   5.0605825e-01  -6.5665118e-01
   5.0621614e-01   6.8755987e-01
   5.0758331e-01  -7.5087133e-01
   5.1647107e-01   7.8832538e-01
   5.2257610e-01   5.3816259e-01
   5.2271532e-01   4.4004922e-01
   5.2432606e-01   3.4346215e-01
   5.2586523e-01   2.4855425e-01
   5.2643674e-01   1.5404037e-01
   5.2663970e-01   5.9337660e-02
   5.2711337e-01  -3.5577732e-02
   5.2788527e-01  -1.3028170e-01
   5.2791407e-01   6.3854042e-01
   5.2815990e-01  -4.1485493e-01
   5.2820770e-01  -3.1931002e-01
   5.2839848e-01  -2.2471960e-01
   5.2907674e-01  -5.1082344e-01
   5.3085835e-01  -6.0631320e-01
   5.3449209e-01  -7.9314579e-01
   5.3527881e-01  -7.0515240e-01
   5.3661042e-01  -8.4383011e-01
   5.3729604e-01   7.3181609e-01
   5.4176114e-01   8.4053249e-01
   5.4862746e-01   4.8755585e-01
   5.4961472e-01   5.8579984e-01
   5.5009082e-01   3.9043065e-01
   5.5248106e-01   2.9541273e-01
   5.5353017e-01   2.0115744e-01
   5.5379473e-01   1.0668353e-01
   5.5391205e-01   1.1794136e-02
   5.5479310e-01  -8.3111954e-02
   5.5524001e-01  -3.6650205e-01
   5.5557734e-01  -4.6252144e-01
   5.5562216e-01  -1.7760613e-01
   5.5585518e-01  -2.7179867e-01
   5.5726593e-01  -5.5849843e-01
   5.5927883e-01  -6.5237211e-01
   5.6250091e-01   6.8568073e-01
   5.6604159e-01   7.7024003e-01
   5.6635362e-01  -7.5368805e-01
   5.7478537e-01   5.3474704e-01
   5.7563253e-01   4.3713293e-01
   5.7846441e-01   6.3225163e-01
   5.7849203e-01   3.4207254e-01
   5.8003642e-01   8.1459054e-01
   5.8056469e-01   2.4804499e-01
   5.8094940e-01   5.9263668e-02
   5.8098569e-01   1.5394280e-01
   5.8146875e-01  -3.5843603e-02
   5.8165970e-01  -8.1343223e-01
   5.8227617e-01  -4.1359791e-01
   5.8258482e-01  -1.3056899e-01
   5.8295483e-01  -3.1871562e-01
   5.8333970e-01  -5.1029953e-01
   5.8340294e-01  -2.2471940e-01
   5.8636075e-01  -6.0580838e-01
   5.8647659e-01  -6.9607495e-01
   5.9923090e-01   7.3009421e-01
   6.0110180e-01   4.8330024e-01
   6.0179147e-01   5.8148230e-01
   6.0407433e-01   3.8862072e-01
   6.0733625e-01   2.9462014e-01
   6.0807107e-01   1.1639494e-02
   6.0826851e-01   1.0671560e-01
   6.0832080e-01   2.0103579e-01
   6.0934879e-01  -8.3466545e-02
   6.0937058e-01  -4.6044388e-01
   6.0987240e-01  -3.6553385e-01
   6.1061016e-01  -1.7785944e-01
   6.1106358e-01  -2.7153380e-01
   6.1180917e-01  -5.5833166e-01
   6.1258076e-01  -7.3557353e-01
   6.1461321e-01   6.7367183e-01
   6.1692166e-01  -6.5213040e-01
   6.2029138e-01  -7.8437147e-01
   6.2169293e-01   7.8326107e-01
   6.2657977e-01   5.2857246e-01
   6.2965662e-01   4.3501009e-01
   6.3172506e-01   6.2725117e-01
   6.3316600e-01   3.4101764e-01
   6.3515811e-01   5.9304224e-02
   6.3563381e-01   1.5406836e-01
   6.3569043e-01   2.4781459e-01
   6.3571702e-01  -3.6161625e-02
   6.3648622e-01  -5.0678050e-01
   6.3689474e-01  -4.1217216e-01
   6.3736057e-01  -1.3098143e-01
   6.3807765e-01  -3.1813509e-01
   6.3876405e-01  -2.2481722e-01
   6.4183317e-01  -6.0693473e-01
   6.4669605e-01  -6.9635365e-01
   6.4725083e-01   7.0632420e-01
   6.5232669e-01   5.7243966e-01
   6.5549532e-01   4.8107482e-01
   6.5854815e-01   3.8756204e-01
   6.5932924e-01   7.5185435e-01
   6.6196817e-01   1.1520796e-02
   6.6241374e-01  -7.4913820e-01
   6.6274532e-01   1.0694307e-01
   6.6276846e-01   2.9416841e-01
   6.6335294e-01   2.0123530e-01
   6.6351766e-01  -5.5217953e-01
   6.6390023e-01  -8.3924736e-02
   6.6411226e-01  -4.5838141e-01
   6.6490431e-01  -3.6475533e-01
   6.6582346e-01  -1.7826528e-01
   6.6677696e-01  -2.7129697e-01
   6.7558038e-01  -6.5610158e-01
   6.7824290e-01   6.6468006e-01
   6.7876703e-01   6.1519946e-01
   6.8172436e-01   5.2669198e-01
   6.8427662e-01   4.3429600e-01
   6.8812198e-01   3.4046156e-01
   6.8915953e-01   5.9494070e-02
   6.8975944e-01  -3.6536245e-02
   6.9028859e-01   1.5447409e-01
   6.9032403e-01  -5.9576905e-01
   6.9127722e-01   2.4797223e-01
   6.9147895e-01  -5.0381346e-01
   6.9215571e-01  -1.3153419e-01
   6.9215972e-01  -4.1134971e-01
   6.9347684e-01  -3.1756838e-01
   6.9458193e-01  -2.2502615e-01
   7.0022201e-01  -7.1392517e-01
   7.0071149e-01   7.1344474e-01
   7.0809056e-01   5.7257859e-01
   7.1056343e-01   4.8109346e-01
   7.1300340e-01   3.8743219e-01
   7.1540926e-01   1.1456061e-02
   7.1718407e-01   1.0738122e-01
   7.1842479e-01  -8.4468440e-02
   7.1856849e-01   2.0182521e-01
   7.1869279e-01  -6.3349388e-01
   7.1885952e-01   2.9407224e-01
   7.1896835e-01  -5.4805418e-01
   7.1999429e-01  -4.5762564e-01
   7.2000096e-01  -3.6423771e-01
   7.2127143e-01  -1.7884384e-01
   7.2317542e-01  -2.7098956e-01
   7.2562725e-01   6.2669236e-01
   7.3394357e-01  -6.7921045e-01
   7.3689274e-01   5.2840488e-01
   7.3776441e-01   6.7505828e-01
   7.3879046e-01   4.3513047e-01
   7.4283533e-01   5.9853371e-02
   7.4293988e-01   3.4034453e-01
   7.4348198e-01  -3.6942737e-02
   7.4478686e-01   1.5512927e-01
   7.4685091e-01  -1.3216816e-01
   7.4740347e-01   2.4856509e-01
   7.4755641e-01  -4.1123815e-01
   7.4791057e-01  -5.8948031e-01
   7.4832177e-01  -5.0325756e-01
   7.4887682e-01  -3.1686253e-01
   7.5103661e-01  -2.2533339e-01
   7.5871382e-01   5.8004822e-01
   7.6517780e-01   4.8357942e-01
   7.6674019e-01   3.8822170e-01
   7.6813902e-01   1.1473360e-02
   7.7065487e-01  -6.3725275e-01
   7.7161547e-01   1.0792061e-01
   7.7296040e-01  -8.4937294e-02
   7.7383151e-01   2.0277027e-01
   7.7459729e-01  -3.6394857e-01
   7.7587699e-01   2.9425344e-01
   7.7620405e-01  -4.5810589e-01
   7.7646428e-01   6.3016126e-01
   7.7690187e-01  -1.7954470e-01
   7.7760014e-01  -5.4750229e-01
   7.8065664e-01  -2.7044708e-01
   7.8951163e-01   5.3447108e-01
   7.9235434e-01   4.3752634e-01
   7.9611128e-01   6.0263217e-02
   7.9680762e-01  -3.7196606e-02
   7.9690197e-01   3.4054821e-01
   7.9884781e-01   1.5573502e-01
   8.0118545e-01  -1.3253641e-01
   8.0249563e-01  -4.1183080e-01
   8.0350352e-01  -5.9530000e-01
   8.0368458e-01  -3.1589720e-01
   8.0418916e-01   2.4960504e-01
   8.0581975e-01  -5.0432809e-01
   8.0839041e-01  -2.2575701e-01
   8.1131779e-01   5.8460537e-01
   8.1799754e-01   4.8854026e-01
   8.1895792e-01   3.8999627e-01
   8.1994127e-01   1.1592521e-02
   8.2627622e-01   1.0791908e-01
   8.2773605e-01  -8.4588649e-02
   8.2798255e-01  -3.6412293e-01
   8.2874268e-01   2.0375551e-01
   8.3215341e-01  -4.5971923e-01
   8.3235209e-01  -1.8002292e-01
   8.3397888e-01  -5.5179636e-01
   8.3439218e-01   2.9465745e-01
   8.3998561e-01  -2.6963982e-01
   8.4299137e-01   5.3792708e-01
   8.4422676e-01   4.4185562e-01
   8.4852599e-01   3.4116839e-01
   8.4917779e-01   6.0259365e-02
   8.4994366e-01  -3.6801316e-02
   8.5187140e-01   1.5509708e-01
   8.5452298e-01  -1.3129637e-01
   8.5643496e-01  -3.1510605e-01
   8.5648203e-01  -4.1384585e-01
   8.6157584e-01   2.5073923e-01
   8.6217571e-01  -5.0660937e-01
   8.6668594e-01  -2.2603038e-01
   8.6873195e-01   3.9441601e-01
   8.7086138e-01   1.1796572e-02
   8.7171052e-01   4.9002119e-01
   8.7924984e-01  -3.6694893e-01
   8.8196397e-01   1.0602307e-01
   8.8222612e-01   2.0231876e-01
   8.8359568e-01  -8.1972162e-02
   8.8635293e-01  -1.7766622e-01
   8.8801131e-01  -4.5982162e-01
   8.9454393e-01   3.4612946e-01
   8.9482054e-01   2.9677801e-01
   8.9757875e-01   4.4085416e-01
   9.0184093e-01  -2.7048094e-01
   9.0271058e-01   5.9982034e-02
   9.0317214e-01   1.5003491e-01
   9.0363133e-01  -3.1896914e-01
   9.0363314e-01  -3.5901237e-02
   9.0613917e-01  -1.2527764e-01
   9.1139975e-01  -4.1152218e-01
   9.1712945e-01   2.4995312e-01
   9.2034701e-01   1.2136897e-02
   9.2075362e-01   3.9014454e-01
   9.2309609e-01  -2.2407753e-01
   9.3236403e-01  -3.6152083e-01
   9.3271240e-01   1.9906567e-01
   9.3723482e-01  -1.7341296e-01
   9.4073173e-01   9.6683350e-02
   9.4183540e-01   3.3607452e-01
   9.4264028e-01  -7.1532477e-02
   9.4832212e-01   1.4603641e-01
   9.5139719e-01  -3.0796655e-01
   9.5155826e-01  -1.2048592e-01
   9.5725248e-01   4.3865722e-02
   9.5759530e-01   2.8811671e-01
   9.5800968e-01  -1.8587290e-02
   9.6546990e-01  -2.6051464e-01
   9.7175385e-01   2.3599674e-01
   9.7796742e-01  -2.0875758e-01
   9.8336017e-01   1.8166666e-01
   9.8795350e-01  -1.5475106e-01
   9.9231108e-01   1.2376885e-01
   9.9527894e-01  -9.7055783e-02
   9.9740648e-01   7.1974438e-02
   9.9896845e-01  -4.5409727e-02
   9.9991214e-01   1.3255955e-02
