  -9.9990634e-01  -1.3685851e-02
  -9.9766363e-01   6.8317525e-02
  -9.9547805e-01  -9.4991871e-02
  -9.8859294e-01   1.5061206e-01
  -9.8414059e-01  -1.7739025e-01
  -9.7457470e-01   2.2406284e-01
  -9.6755407e-01  -2.5266405e-01
  -9.5193771e-01   3.0629167e-01
  -9.4424152e-01  -3.2925364e-01
  -9.3383714e-01   2.3087214e-02
  -9.3171649e-01  -4.9125874e-02
  -9.2996482e-01   1.0592275e-01
  -9.2779040e-01  -1.3087297e-01
  -9.2400714e-01   3.8237522e-01
  -9.1372591e-01  -4.0633110e-01
  -9.0932180e-01   2.4818659e-01
  -9.0292290e-01  -2.0144909e-01
  -9.0256842e-01   1.7708792e-01
  -8.9225478e-01  -2.6912238e-01
  -8.9038947e-01   4.5519950e-01
  -8.7831675e-01  -4.7807916e-01
  -8.7752631e-01   3.1961360e-01
  -8.7425004e-01   5.3575834e-02
  -8.7120836e-01  -8.6265967e-02
  -8.7106110e-01  -3.4695220e-01
  -8.5316372e-01  -1.6508828e-02
  -8.5105740e-01   5.2507267e-01
  -8.4941500e-01   1.1983829e-01
  -8.4641548e-01   3.8860319e-01
  -8.4595386e-01  -1.5409159e-01
  -8.4273248e-01   2.4558777e-01
  -8.3793225e-01  -5.4577427e-01
  -8.3544245e-01  -4.1528702e-01
  -8.2565580e-01  -2.8915682e-01
  -8.1614256e-01  -2.2058583e-01
  -8.1495633e-01   1.8153534e-01
  -8.1149071e-01   4.5566821e-01
  -8.0611897e-01   5.9175351e-01
  -8.0487542e-01   3.1669238e-01
  -8.0320588e-01   4.8481096e-02
  -8.0101528e-01  -8.4904881e-02
  -7.9839952e-01  -4.8045143e-01
  -7.9245767e-01  -6.0992692e-01
  -7.9100037e-01  -3.5504710e-01
  -7.7192378e-01   5.2035854e-01
  -7.7047198e-01  -1.9162795e-02
  -7.7032801e-01   1.1511712e-01
  -7.7001611e-01   3.8528752e-01
  -7.6851871e-01  -1.5507671e-01
  -7.6731671e-01   2.4762241e-01
  -7.5857273e-01  -5.4310548e-01
  -7.5564429e-01   6.5498221e-01
  -7.5546310e-01  -2.8376517e-01
  -7.5394903e-01  -4.2026930e-01
  -7.3973837e-01  -6.7289460e-01
  -7.3316515e-01   1.8028470e-01
  -7.3252080e-01   4.5130753e-01
  -7.3031028e-01  -2.1868341e-01
  -7.2889538e-01   3.1573769e-01
  -7.2787458e-01   5.8236144e-01
  -7.2714111e-01   4.6736592e-02
  -7.2586483e-01  -8.7768979e-02
  -7.1856729e-01  -6.0783429e-01
  -7.1523097e-01  -4.8561295e-01
  -7.1512300e-01  -3.5272230e-01
  -6.9925627e-01   7.1487108e-01
  -6.9195763e-01   3.8241371e-01
  -6.9118595e-01   1.1340805e-01
  -6.9117295e-01   5.1515446e-01
  -6.9039034e-01   2.4667703e-01
  -6.9022533e-01  -2.1127367e-02
  -6.9001178e-01  -7.2379814e-01
  -6.8798087e-01  -1.5451831e-01
  -6.8000379e-01   6.4224210e-01
  -6.7989990e-01  -2.8540950e-01
  -6.7674655e-01  -5.5480639e-01
  -6.7579735e-01  -4.2104990e-01
  -6.5638189e-01  -6.4066872e-01
  -6.5303686e-01   1.7926166e-01
  -6.5279709e-01   4.4729740e-01
  -6.5154731e-01   3.1366834e-01
  -6.4969926e-01   4.5476817e-02
  -6.4789722e-01  -2.2025854e-01
  -6.4779390e-01  -8.8163678e-02
  -6.4615246e-01   5.7814885e-01
  -6.3842479e-01  -3.5480520e-01
  -6.3779879e-01  -4.9162890e-01
  -6.3499019e-01   7.7252020e-01
  -6.3311893e-01  -7.7405453e-01
  -6.2883688e-01   7.0318875e-01
  -6.1406664e-01  -6.9784674e-01
  -6.1303417e-01   3.7960471e-01
  -6.1235877e-01   2.4557708e-01
  -6.1223127e-01   1.1211777e-01
  -6.1092860e-01   5.1128092e-01
  -6.1058194e-01  -2.1759607e-02
  -6.0814742e-01  -1.5524300e-01
  -6.0790712e-01  -5.6979415e-01
  -6.0279118e-01  -2.8829547e-01
  -5.9952400e-01  -4.2559813e-01
  -5.9951059e-01   6.4500468e-01
  -5.7407595e-01   8.1880205e-01
  -5.7363007e-01   1.7829675e-01
  -5.7314784e-01   3.1197727e-01
  -5.7290114e-01   4.4467150e-01
  -5.7263606e-01  -6.3385156e-01
  -5.7136881e-01   4.4738865e-02
  -5.6924399e-01  -8.9018426e-02
  -5.6846524e-01  -8.2270728e-01
  -5.6826195e-01   5.7747522e-01
  -5.6781649e-01  -2.2255577e-01
  -5.6498399e-01  -4.9955359e-01
  -5.6327514e-01  -7.5254013e-01
  -5.6290219e-01   7.3111119e-01
  -5.6222978e-01  -3.5858222e-01
  -5.3377315e-01   3.7787313e-01
  -5.3376970e-01   2.4458611e-01
  -5.3328275e-01   1.1123597e-01
  -5.3194853e-01   5.1072482e-01
  -5.3151631e-01  -2.2595888e-02
  -5.3101342e-01   6.5138766e-01
  -5.2920817e-01  -1.5671290e-01
  -5.2914702e-01  -5.6693041e-01
  -5.2777818e-01  -6.9495815e-01
  -5.2572411e-01  -2.9155932e-01
  -5.2483541e-01  -4.3035301e-01
  -5.1006882e-01   7.9086299e-01
  -5.0829073e-01  -8.6118554e-01
  -5.0119301e-01   8.6533552e-01
  -4.9487445e-01  -7.7484308e-01
  -4.9450231e-01   1.7752675e-01
  -4.9434138e-01   3.1091379e-01
  -4.9381598e-01   4.4408991e-01
  -4.9324949e-01   5.8025031e-01
  -4.9285140e-01   4.3909535e-02
  -4.9086582e-01  -9.0237519e-02
  -4.9061211e-01   7.1123893e-01
  -4.8988468e-01  -6.3184326e-01
  -4.8920440e-01  -2.2496702e-01
  -4.8765004e-01  -4.9898877e-01
  -4.8636117e-01  -3.6192591e-01
  -4.5501150e-01   2.4391485e-01
  -4.5487918e-01   3.7739583e-01
  -4.5459843e-01   5.1187019e-01
  -4.5448681e-01   1.1042320e-01
  -4.5335519e-01  -7.0463913e-01
  -4.5290911e-01  -2.3631574e-02
  -4.5218203e-01   6.4374920e-01
  -4.5096701e-01  -1.5836764e-01
  -4.4951905e-01  -5.6611019e-01
  -4.4877946e-01  -2.9414260e-01
  -4.4786250e-01  -4.3093197e-01
  -4.4488196e-01  -8.2745846e-01
  -4.4465533e-01   7.6770000e-01
  -4.3728350e-01  -8.9932371e-01
  -4.3218329e-01   8.3596862e-01
  -4.2458539e-01   9.0538790e-01
  -4.1567042e-01   3.1055169e-01
  -4.1565198e-01   1.7689780e-01
  -4.1560514e-01   4.4457334e-01
  -4.1443019e-01   4.3015409e-02
  -4.1402434e-01   5.7704301e-01
  -4.1276984e-01  -9.1533007e-02
  -4.1266849e-01  -6.3595499e-01
  -4.1129813e-01  -2.2687561e-01
  -4.1029978e-01  -7.6600252e-01
  -4.0948733e-01  -4.9911456e-01
  -4.0927523e-01  -3.6304013e-01
  -4.0886334e-01   7.0567873e-01
  -3.7647665e-01   3.7756180e-01
  -3.7643289e-01   2.4356679e-01
  -3.7593361e-01   1.0968920e-01
  -3.7549922e-01   5.1066117e-01
  -3.7464597e-01  -2.4677025e-02
  -3.7308390e-01  -1.5976587e-01
  -3.7302533e-01  -8.4123781e-01
  -3.7286215e-01   7.7937385e-01
  -3.7209769e-01  -7.0083270e-01
  -3.7193755e-01   6.4163483e-01
  -3.7187418e-01  -5.6817610e-01
  -3.7142468e-01  -9.2846309e-01
  -3.7132480e-01  -2.9541586e-01
  -3.7029030e-01  -4.3162543e-01
  -3.5420971e-01   9.3516602e-01
  -3.5411889e-01   8.5198299e-01
  -3.3730431e-01   3.1053237e-01
  -3.3713461e-01   1.7643560e-01
  -3.3679474e-01   4.4415232e-01
  -3.3620016e-01   4.2182401e-02
  -3.3486031e-01  -9.2648713e-02
  -3.3446563e-01   5.7663089e-01
  -3.3399872e-01  -7.7095821e-01
  -3.3367368e-01   7.1231283e-01
  -3.3346610e-01  -2.2804135e-01
  -3.3266843e-01  -6.3489073e-01
  -3.3193203e-01  -5.0050802e-01
  -3.3182258e-01  -3.6401146e-01
  -3.1736254e-01  -8.8621727e-01
  -3.0093181e-01   7.8448408e-01
  -2.9813389e-01   2.4338560e-01
  -2.9795102e-01   3.7740135e-01
  -2.9765682e-01   1.0908579e-01
  -2.9712496e-01   8.9525082e-01
  -2.9661216e-01  -2.5573593e-02
  -2.9653108e-01   5.1082073e-01
  -2.9527186e-01  -1.6076210e-01
  -2.9506400e-01   6.4587742e-01
  -2.9386584e-01  -9.5584668e-01
  -2.9379733e-01  -7.0353151e-01
  -2.9375284e-01  -2.9645185e-01
  -2.9301366e-01  -5.6828491e-01
  -2.9285269e-01  -4.3280029e-01
  -2.8637887e-01  -8.2731407e-01
  -2.7238674e-01   9.6218785e-01
  -2.6134533e-01   8.4072980e-01
  -2.5901065e-01   3.1039822e-01
  -2.5892518e-01   1.7608624e-01
  -2.5824885e-01   4.4441804e-01
  -2.5823545e-01   7.1619533e-01
  -2.5816437e-01   4.1493535e-02
  -2.5702973e-01  -9.3507112e-02
  -2.5693590e-01   5.7927421e-01
  -2.5573861e-01  -2.2899521e-01
  -2.5439092e-01  -3.6508683e-01
  -2.5405790e-01  -6.3670936e-01
  -2.5382435e-01  -5.0112298e-01
  -2.5007381e-01  -7.6626851e-01
  -2.4302059e-01  -8.9999862e-01
  -2.2000373e-01   2.4317624e-01
  -2.1970616e-01   3.7758167e-01
  -2.1962011e-01   1.0860319e-01
  -2.1893840e-01   9.0920346e-01
  -2.1878182e-01   5.1244053e-01
  -2.1872541e-01  -2.6284778e-02
  -2.1843723e-01   6.4850320e-01
  -2.1839767e-01   7.7988069e-01
  -2.1816504e-01  -9.7591189e-01
  -2.1754823e-01  -1.6159674e-01
  -2.1623572e-01  -2.9742670e-01
  -2.1515884e-01  -4.3360859e-01
  -2.1478785e-01  -5.6969363e-01
  -2.1252890e-01  -7.0275940e-01
  -2.0849031e-01  -8.3725110e-01
  -1.9265548e-01   9.8126646e-01
  -1.8097332e-01   3.1043495e-01
  -1.8092362e-01   1.7576948e-01
  -1.8046723e-01   4.4535965e-01
  -1.8028755e-01   4.0938349e-02
  -1.8026384e-01   8.4779408e-01
  -1.7977214e-01   5.8103073e-01
  -1.7929201e-01  -9.4230222e-02
  -1.7877214e-01   7.1503871e-01
  -1.7812641e-01  -2.2984815e-01
  -1.7685874e-01  -3.6592746e-01
  -1.7601893e-01  -5.0229159e-01
  -1.7455920e-01  -6.3740738e-01
  -1.7187335e-01  -7.7330003e-01
  -1.7066558e-01  -9.1409311e-01
  -1.4340983e-01   9.2085127e-01
  -1.4210293e-01   2.4306848e-01
  -1.4195878e-01   3.7807093e-01
  -1.4175563e-01   1.0819115e-01
  -1.4143540e-01  -9.8994749e-01
  -1.4140496e-01   5.1355843e-01
  -1.4096589e-01  -2.6890268e-02
  -1.4024959e-01   6.4865704e-01
  -1.3991610e-01  -1.6233659e-01
  -1.3983202e-01   7.8383436e-01
  -1.3871396e-01  -2.9822211e-01
  -1.3761689e-01  -4.3458969e-01
  -1.3642478e-01  -5.7075719e-01
  -1.3468783e-01  -7.0765394e-01
  -1.3365540e-01  -8.4791062e-01
  -1.1308819e-01   9.9358496e-01
  -1.0336291e-01   8.5538308e-01
  -1.0327368e-01   3.1062576e-01
  -1.0312413e-01   1.7552814e-01
  -1.0300779e-01   4.4602472e-01
  -1.0254167e-01   4.0448236e-02
  -1.0211139e-01   5.8150936e-01
  -1.0164272e-01  -9.4872100e-02
  -1.0118928e-01   7.1757266e-01
  -1.0056405e-01  -2.3057274e-01
  -9.9406156e-02  -3.6676241e-01
  -9.8287932e-02  -5.0327935e-01
  -9.7253455e-02  -9.2373594e-01
  -9.7100607e-02  -6.4065384e-01
  -9.6281713e-02  -7.8058040e-01
  -6.8024030e-02   9.2813226e-01
  -6.4470287e-02   3.7843850e-01
  -6.4451716e-02   2.4304019e-01
  -6.4050687e-02   1.0782657e-01
  -6.3946377e-02   5.1401195e-01
  -6.3710802e-02  -9.9796840e-01
  -6.3545409e-02   7.8817252e-01
  -6.3307233e-02  -2.7437909e-02
  -6.3066913e-02   6.5022587e-01
  -6.2337120e-02  -1.6298815e-01
  -6.1240620e-02  -2.9896250e-01
  -6.0148808e-02  -4.3540869e-01
  -5.9218412e-02  -5.7275869e-01
  -5.9173905e-02  -8.5448309e-01
  -5.8684733e-02  -7.1215701e-01
  -3.3431118e-02   9.9944102e-01
  -2.7584347e-02   8.5933060e-01
  -2.5793896e-02   3.1076166e-01
  -2.5611570e-02   4.4640723e-01
  -2.5521387e-02   1.7530562e-01
  -2.5003395e-02   5.8247569e-01
  -2.4906423e-02   3.9992153e-02
  -2.4841837e-02   7.1985469e-01
  -2.4052698e-02  -9.5448751e-02
  -2.3046604e-02  -2.3124300e-01
  -2.3008296e-02  -9.2818041e-01
  -2.1975981e-02  -3.6748317e-01
  -2.1244963e-02  -7.8426966e-01
  -2.1132564e-02  -5.0447738e-01
  -2.0779208e-02  -6.4308177e-01
   7.3562714e-03   9.3019589e-01
   1.2237607e-02   7.8965309e-01
   1.2874891e-02   3.7869095e-01
   1.3002852e-02   2.4292925e-01
   1.3211165e-02   5.1475236e-01
   1.3520796e-02   1.0746023e-01
   1.3537756e-02   6.5141859e-01
   1.4284127e-02  -2.7949821e-02
   1.4525696e-02  -9.9989450e-01
   1.5200401e-02  -1.6358095e-01
   1.5396186e-02  -8.5613885e-01
   1.6227603e-02  -2.9963189e-01
   1.6925990e-02  -7.1361409e-01
   1.7114473e-02  -4.3625343e-01
   1.7449188e-02  -5.7391827e-01
   4.6012824e-02   9.9894085e-01
   4.8088115e-02   8.5880348e-01
   5.1424195e-02  -9.2720169e-01
   5.1489001e-02   3.1072839e-01
   5.1511972e-02   7.2025192e-01
   5.1525973e-02   4.4698548e-01
   5.1902991e-02   5.8348317e-01
   5.1942043e-02   1.7500588e-01
   5.2653994e-02   3.9532977e-02
   5.3505868e-02  -9.5990724e-02
   5.3863381e-02  -7.8372019e-01
   5.4451751e-02  -2.3182561e-01
   5.5407569e-02  -3.6820755e-01
   5.5495658e-02  -6.4327094e-01
   5.5923808e-02  -5.0520208e-01
   8.2336643e-02   9.2706118e-01
   8.8586989e-02   7.8820125e-01
   8.9899891e-02   3.7880998e-01
   9.0152451e-02   5.1574181e-01
   9.0168953e-02  -8.5288095e-01
   9.0316304e-02   2.4266327e-01
   9.0508459e-02   6.5226160e-01
   9.1012663e-02   1.0703442e-01
   9.1845044e-02  -2.8466432e-02
   9.2659272e-02  -9.9569787e-01
   9.2739387e-02  -1.6411951e-01
   9.2931427e-02  -7.1200555e-01
   9.3666917e-02  -3.0019481e-01
   9.4439801e-02  -4.3693364e-01
   9.4448490e-02  -5.7402735e-01
   1.2449204e-01   8.5453401e-01
   1.2492270e-01   9.9216648e-01
   1.2538494e-01  -9.2098061e-01
   1.2821822e-01   4.4725591e-01
   1.2856708e-01   3.1050366e-01
   1.2889312e-01   5.8495256e-01
   1.2911871e-01   7.2049158e-01
   1.2932759e-01   1.7458525e-01
   1.2963027e-01  -7.7961744e-01
   1.3018398e-01   3.9022352e-02
   1.3107932e-01  -9.6525992e-02
   1.3197562e-01  -2.3233064e-01
   1.3265518e-01  -6.4235302e-01
   1.3279661e-01  -3.6864725e-01
   1.3333476e-01  -5.0569156e-01
   1.5680847e-01   9.1951126e-01
   1.6560440e-01  -8.4560847e-01
   1.6648939e-01   5.1608618e-01
   1.6665459e-01   3.7859357e-01
   1.6728968e-01   7.8730294e-01
   1.6753381e-01   2.4222948e-01
   1.6812647e-01   6.5461802e-01
   1.6847431e-01   1.0649791e-01
   1.6942152e-01  -2.9010338e-02
   1.7018528e-01  -9.8541208e-01
   1.7033145e-01  -1.6464304e-01
   1.7049655e-01  -7.0977258e-01
   1.7119568e-01  -3.0057888e-01
   1.7182169e-01  -4.3708749e-01
   1.7223386e-01  -5.7438582e-01
   1.9862443e-01  -9.1032350e-01
   2.0341217e-01   9.7909320e-01
   2.0424651e-01   8.5139276e-01
   2.0458923e-01   4.4695327e-01
   2.0487905e-01   5.8528975e-01
   2.0552406e-01   3.1002642e-01
   2.0667647e-01   1.7398060e-01
   2.0774131e-01   3.8441286e-02
   2.0779359e-01  -7.7575199e-01
   2.0849435e-01   7.2484071e-01
   2.0870574e-01  -9.7062114e-02
   2.0962241e-01  -2.3279405e-01
   2.1036933e-01  -3.6877537e-01
   2.1073061e-01  -5.0542404e-01
   2.1122078e-01  -6.4305368e-01
   2.3336792e-01   9.1210779e-01
   2.4243123e-01   5.1554643e-01
   2.4328414e-01   3.7803698e-01
   2.4376409e-01   6.5479999e-01
   2.4425369e-01  -8.3938764e-01
   2.4469916e-01   2.4149276e-01
   2.4597531e-01   1.0582768e-01
   2.4706406e-01  -2.9576760e-02
   2.4707549e-01  -9.6899624e-01
   2.4801107e-01  -1.6512573e-01
   2.4896155e-01  -3.0092720e-01
   2.4947104e-01  -4.3680284e-01
   2.4966716e-01  -5.7356829e-01
   2.4986647e-01   7.9618912e-01
   2.5051992e-01  -7.1204263e-01
   2.7399132e-01  -9.0021936e-01
   2.8036531e-01   5.8423425e-01
   2.8087888e-01   4.4629559e-01
   2.8237396e-01   3.0907656e-01
   2.8379379e-01   7.2426596e-01
   2.8408380e-01   1.7315720e-01
   2.8436932e-01   9.5871481e-01
   2.8539889e-01   3.7781291e-02
   2.8643215e-01  -9.7543531e-02
   2.8740201e-01  -2.3319331e-01
   2.8833754e-01  -3.6897824e-01
   2.8842169e-01  -5.0452314e-01
   2.8843553e-01  -6.4145106e-01
   2.9031473e-01  -7.8233721e-01
   2.9138744e-01   8.7062104e-01
   3.1844521e-01   5.1480569e-01
   3.1890756e-01   6.5256368e-01
   3.1971143e-01   3.7678107e-01
   3.2194621e-01   2.4042687e-01
   3.2340083e-01   7.9311426e-01
   3.2359870e-01   1.0500818e-01
   3.2485455e-01  -3.0123797e-02
   3.2578856e-01  -1.6548089e-01
   3.2631652e-01  -9.4526056e-01
   3.2678811e-01  -7.0908658e-01
   3.2691056e-01  -3.0122577e-01
   3.2746592e-01  -5.7163915e-01
   3.2775772e-01  -4.3689362e-01
   3.3050714e-01  -8.5622953e-01
   3.5331418e-01   9.3550473e-01
   3.5638492e-01   5.8352114e-01
   3.5681403e-01   4.4458183e-01
   3.5928149e-01   3.0768538e-01
   3.5929400e-01   7.1903492e-01
   3.6165382e-01   1.7208548e-01
   3.6300385e-01   8.5740840e-01
   3.6326329e-01   3.7129414e-02
   3.6357533e-01  -7.7653819e-01
   3.6432821e-01  -9.7941162e-02
   3.6527759e-01  -2.3338239e-01
   3.6602685e-01  -6.3754902e-01
   3.6651074e-01  -3.6919770e-01
   3.6714921e-01  -5.0467799e-01
   3.9349950e-01  -9.1932483e-01
   3.9380320e-01   5.1234108e-01
   3.9597441e-01   6.5218149e-01
   3.9619520e-01   3.7501547e-01
   3.9931028e-01   7.7995550e-01
   3.9938988e-01   2.3895317e-01
   4.0002004e-01  -8.4041164e-01
   4.0148842e-01   1.0420969e-01
   4.0284766e-01  -3.0572684e-02
   4.0341295e-01  -7.0129492e-01
   4.0372206e-01  -1.6572438e-01
   4.0493128e-01  -3.0115792e-01
   4.0621049e-01  -4.3715443e-01
   4.0741216e-01  -5.7220205e-01
   4.2537388e-01   9.0501771e-01
   4.3106050e-01   5.7976474e-01
   4.3292555e-01   4.4237540e-01
   4.3621913e-01   8.3469959e-01
   4.3627650e-01   3.0566372e-01
   4.3817760e-01  -7.6069420e-01
   4.3962721e-01   1.7107780e-01
   4.4140688e-01   3.6626801e-02
   4.4162371e-01   7.1890377e-01
   4.4242127e-01  -9.8193882e-02
   4.4336857e-01  -2.3347586e-01
   4.4461107e-01  -3.6869317e-01
   4.4574025e-01  -5.0540385e-01
   4.4793492e-01  -6.3903661e-01
   4.6318408e-01  -8.8626210e-01
   4.6965709e-01   5.0964758e-01
   4.7012617e-01   6.4606532e-01
   4.7034505e-01  -8.1572652e-01
   4.7262389e-01   3.7227035e-01
   4.7742514e-01   2.3767400e-01
   4.7970931e-01   1.0362402e-01
   4.8105358e-01  -3.0789075e-02
   4.8176945e-01  -1.6583915e-01
   4.8333671e-01  -3.0102976e-01
   4.8417258e-01  -4.3588302e-01
   4.8726601e-01  -5.7417997e-01
   4.8822525e-01   7.8333521e-01
   4.8899724e-01  -7.0425089e-01
   4.9974068e-01   8.6617507e-01
   5.0696626e-01   5.7673057e-01
   5.0879065e-01   4.3851359e-01
   5.1392243e-01   3.0415833e-01
   5.1807048e-01   1.7046557e-01
   5.1851409e-01   7.0699737e-01
   5.1988596e-01   3.6401586e-02
   5.2068609e-01  -9.8171452e-02
   5.2163314e-01  -2.3353797e-01
   5.2241350e-01  -5.0295052e-01
   5.2336111e-01  -3.6818800e-01
   5.2669571e-01  -7.6722702e-01
   5.2981199e-01  -6.4372219e-01
   5.3483923e-01  -8.4495384e-01
   5.4470444e-01   5.0388465e-01
   5.4736291e-01   6.4335571e-01
   5.5005625e-01   3.7083860e-01
   5.5612166e-01   2.3697703e-01
   5.5820714e-01   1.0354929e-01
   5.5946822e-01  -3.0761350e-02
   5.5975141e-01  -1.6568532e-01
   5.6088912e-01   7.5776984e-01
   5.6214799e-01  -3.0099973e-01
   5.6325077e-01  -4.3480863e-01
   5.6336945e-01   8.2620509e-01
   5.6349015e-01  -5.6912034e-01
   5.7516089e-01  -7.1515456e-01
   5.8035735e-01   5.6779125e-01
   5.8663666e-01   4.3756253e-01
   5.9185996e-01   3.0359318e-01
   5.9701006e-01   1.7059856e-01
   5.9828428e-01  -8.0128392e-01
   5.9863664e-01   3.6749241e-02
   5.9918126e-01  -9.8112357e-02
   5.9984807e-01  -2.3333682e-01
   6.0034589e-01  -5.0154056e-01
   6.0259513e-01  -6.3254581e-01
   6.0278612e-01  -3.6794238e-01
   6.0968513e-01   7.0119542e-01
   6.1592581e-01   6.3087465e-01
   6.2348690e-01   5.0414254e-01
   6.2756991e-01   3.7113033e-01
   6.3190985e-01   7.7504189e-01
   6.3557195e-01   2.3719833e-01
   6.3684297e-01   1.0427299e-01
   6.3764555e-01  -1.6604753e-01
   6.3778168e-01  -3.0166363e-02
   6.4112890e-01  -3.0031265e-01
   6.4200531e-01  -6.8758635e-01
   6.4340163e-01  -4.3423559e-01
   6.4478284e-01  -5.6772398e-01
   6.5433423e-01  -7.5620547e-01
   6.5959173e-01   5.7176153e-01
   6.6452024e-01   4.3951862e-01
   6.6949320e-01   3.0427862e-01
   6.7644940e-01   1.7185729e-01
   6.7710598e-01  -5.0225531e-01
   6.7747806e-01  -9.7530484e-02
   6.7766054e-01   3.7846770e-02
   6.7849860e-01  -2.3487849e-01
   6.8115175e-01   6.5129656e-01
   6.8228516e-01  -3.6533371e-01
   6.8815707e-01  -6.2712806e-01
   6.9146892e-01   7.2240622e-01
   7.0122759e-01   5.0932272e-01
   7.0415044e-01   3.7360513e-01
   7.1404577e-01  -1.6597631e-01
   7.1440174e-01  -6.9973578e-01
   7.1524083e-01   1.0597136e-01
   7.1573037e-01  -2.8957042e-02
   7.1606055e-01   2.3871420e-01
   7.2238477e-01  -3.0369551e-01
   7.2242823e-01  -4.2633734e-01
   7.3034031e-01   5.8574818e-01
   7.3040271e-01  -5.6669990e-01
   7.4088668e-01   4.4515602e-01
   7.4352805e-01  -4.8689261e-01
   7.4583365e-01   3.0650432e-01
   7.5187051e-01   6.5931080e-01
   7.5504104e-01  -2.3601845e-01
   7.5570023e-01  -9.6494843e-02
   7.5626189e-01   1.7469403e-01
   7.5704032e-01   3.9559077e-02
   7.6672311e-01  -6.4197793e-01
   7.6785933e-01  -3.7154051e-01
   7.7451597e-01   5.2101077e-01
   7.7846890e-01   3.7872971e-01
   7.8835303e-01  -1.6537464e-01
   7.9241320e-01   1.0851138e-01
   7.9287872e-01  -2.7648374e-02
   7.9677714e-01  -5.1936028e-01
   7.9825660e-01   2.4222832e-01
   8.0097180e-01  -3.0616727e-01
   8.0430330e-01   5.9421899e-01
   8.1076808e-01  -4.4062853e-01
   8.1286082e-01  -5.8245797e-01
   8.1377323e-01   4.5542520e-01
   8.1917379e-01   3.1064304e-01
   8.2926241e-01  -2.3673759e-01
   8.3454667e-01  -9.5408649e-02
   8.3567043e-01   1.7963609e-01
   8.3700579e-01   4.0763130e-02
   8.4817467e-01  -3.7684319e-01
   8.4879596e-01   3.8874568e-01
   8.5002582e-01   5.2674103e-01
   8.5967278e-01  -1.6468045e-01
   8.6170136e-01  -5.0741578e-01
   8.6589331e-01   1.1027779e-01
   8.6859490e-01  -2.6980182e-02
   8.7684859e-01  -3.0846935e-01
   8.8308354e-01   2.4992644e-01
   8.8527013e-01   3.2118980e-01
   8.8950280e-01   4.5692973e-01
   8.9729285e-01  -4.4143576e-01
   9.0092910e-01  -2.3878060e-01
   9.1125470e-01   1.8420623e-01
   9.1511507e-01  -9.6759514e-02
   9.1855269e-01   4.2071977e-02
   9.2308202e-01   3.8460315e-01
   9.2620084e-01  -1.6751444e-01
   9.2873519e-01  -3.7074378e-01
   9.3335833e-01   1.1278106e-01
   9.3907251e-01  -2.7566505e-02
   9.5181439e-01   3.0667469e-01
   9.5468623e-01  -2.9761417e-01
   9.7136522e-01   2.3759127e-01
   9.7499822e-01  -2.2221269e-01
   9.8664911e-01   1.6286046e-01
   9.8994654e-01  -1.4144204e-01
   9.9660952e-01   8.2276729e-02
   9.9755784e-01  -6.9845255e-02
   9.9994200e-01   1.0770487e-02
