  -9.9999967e-01  -8.1107798e-04
  -9.9513481e-01   9.8522623e-02
  -9.9504615e-01  -9.9414128e-02
  -9.8078394e-01   1.9509707e-01
  -9.8056638e-01  -1.9618762e-01
  -9.5364220e-01  -3.0094278e-01
  -9.5362687e-01   3.0099136e-01
  -9.1591113e-01  -4.0138111e-01
  -9.1577427e-01   4.0169328e-01
  -9.0970480e-01   8.7830048e-04
  -8.8891853e-01  -1.9998637e-01
  -8.8802459e-01   2.0324295e-01
  -8.7483465e-01   1.0189839e-01
  -8.7444706e-01  -9.8996474e-02
  -8.6705374e-01  -4.9821463e-01
  -8.6703726e-01   4.9824331e-01
  -8.4777669e-01  -3.0100330e-01
  -8.4659128e-01   3.0375325e-01
  -8.0809708e-01   5.8904933e-01
  -8.0752228e-01  -5.8983707e-01
  -8.0617217e-01   1.6048251e-03
  -8.0404865e-01  -3.9719873e-01
  -8.0255136e-01   3.9974112e-01
  -7.9111031e-01  -1.9414348e-01
  -7.9044012e-01   1.9665886e-01
  -7.5513013e-01  -9.5036425e-02
  -7.5500433e-01   9.7872366e-02
  -7.5217560e-01  -4.8843651e-01
  -7.5015647e-01   4.9105143e-01
  -7.4090133e-01  -2.9520163e-01
  -7.3990009e-01   6.7271677e-01
  -7.3966612e-01   2.9779998e-01
  -7.3787395e-01  -6.7493854e-01
  -6.9361513e-01   1.4228900e-03
  -6.9241459e-01  -5.7433892e-01
  -6.9009426e-01  -3.9197002e-01
  -6.8961164e-01   5.7737156e-01
  -6.8839310e-01   3.9467803e-01
  -6.8536067e-01  -1.9336185e-01
  -6.8457810e-01   1.9608942e-01
  -6.6138782e-01   7.5004410e-01
  -6.5562310e-01  -7.5508830e-01
  -6.3844743e-01  -9.5422713e-02
  -6.3814496e-01   9.8272241e-02
  -6.3279560e-01  -4.8500646e-01
  -6.3063971e-01  -2.9306422e-01
  -6.3061135e-01   4.8785121e-01
  -6.2929102e-01   2.9582084e-01
  -6.2898129e-01  -6.6098681e-01
  -6.2404515e-01   6.6371754e-01
  -5.8516267e-01   8.1091593e-01
  -5.8001152e-01   1.5047852e-03
  -5.7660851e-01  -8.1702058e-01
  -5.7548135e-01  -1.9377641e-01
  -5.7541457e-01  -3.9025444e-01
  -5.7458566e-01   1.9665216e-01
  -5.7357332e-01   3.9300075e-01
  -5.7216606e-01  -5.8022389e-01
  -5.6897399e-01   5.8288005e-01
  -5.3535803e-01  -7.0057204e-01
  -5.3016055e-01   7.0388201e-01
  -5.2380112e-01  -9.5915361e-02
  -5.2334912e-01   9.9057382e-02
  -5.1888211e-01  -2.9288073e-01
  -5.1789931e-01  -4.8872532e-01
  -5.1734904e-01   2.9575023e-01
  -5.1542425e-01   4.9119321e-01
  -5.0114949e-01   8.6536073e-01
  -4.8446893e-01  -8.7480847e-01
  -4.6964180e-01  -5.9943088e-01
  -4.6674637e-01  -7.7995610e-01
  -4.6673480e-01   1.7321105e-03
  -4.6628156e-01   6.0166520e-01
  -4.6418851e-01  -1.9446434e-01
  -4.6306441e-01   1.9769593e-01
  -4.6302606e-01  -3.9269650e-01
  -4.6080247e-01   3.9534078e-01
  -4.5978621e-01   7.8502911e-01
  -4.1406657e-01   9.1024660e-01
  -4.1321451e-01  -6.9200551e-01
  -4.1088196e-01  -4.9775903e-01
  -4.1054470e-01  -9.6250751e-02
  -4.0991053e-01   1.0000678e-01
  -4.0930844e-01   6.9414752e-01
  -4.0793599e-01   5.0003903e-01
  -4.0786543e-01  -2.9449014e-01
  -4.0590692e-01   2.9767018e-01
  -3.9741707e-01  -9.1763809e-01
  -3.6328708e-01  -8.0284105e-01
  -3.5663545e-01   8.0333469e-01
  -3.5589615e-01  -5.9518000e-01
  -3.5414382e-01   2.1660168e-03
  -3.5413794e-01  -3.9677230e-01
  -3.5314672e-01  -1.9546324e-01
  -3.5228439e-01   5.9688429e-01
  -3.5163478e-01   1.9943003e-01
  -3.5127783e-01   3.9975600e-01
  -3.2326139e-01   9.4630971e-01
  -3.0461188e-01  -6.9842922e-01
  -3.0307705e-01  -9.5296606e-01
  -2.9992047e-01   6.9861822e-01
  -2.9941146e-01  -4.9571843e-01
  -2.9849259e-01  -9.6389384e-02
  -2.9818356e-01  -2.9617564e-01
  -2.9761688e-01   1.0126269e-01
  -2.9558775e-01   4.9819443e-01
  -2.9558280e-01   3.0025040e-01
  -2.8030881e-01  -8.6705154e-01
  -2.7829947e-01   8.6758536e-01
  -2.4605322e-01  -5.9643087e-01
  -2.4342015e-01  -3.9546974e-01
  -2.4271840e-01  -1.9587922e-01
  -2.4237724e-01   2.8995008e-03
  -2.4116083e-01   5.9782084e-01
  -2.4068893e-01   2.0123055e-01
  -2.3951862e-01   3.9937871e-01
  -2.3748852e-01  -7.8067014e-01
  -2.3259253e-01   7.8031654e-01
  -2.2114719e-01   9.7524044e-01
  -2.0736277e-01  -9.7826412e-01
  -1.8914485e-01  -4.9511363e-01
  -1.8767412e-01  -2.9499587e-01
  -1.8728871e-01  -9.5897708e-02
  -1.8612171e-01   1.0257021e-01
  -1.8577931e-01  -6.8803980e-01
  -1.8414729e-01   3.0064580e-01
  -1.8379495e-01   4.9844964e-01
  -1.8025159e-01   6.8829887e-01
  -1.7108267e-01  -8.8405332e-01
  -1.6980929e-01   8.8322313e-01
  -1.3303790e-01  -3.9406382e-01
  -1.3199843e-01  -1.9462305e-01
  -1.3186868e-01  -5.9080596e-01
  -1.3115215e-01   3.9500426e-03
  -1.2930616e-01   2.0207828e-01
  -1.2767751e-01   3.9978208e-01
  -1.2514649e-01   5.9313514e-01
  -1.2487433e-01  -7.8861065e-01
  -1.2023068e-01   7.8802056e-01
  -1.1677651e-01   9.9315822e-01
  -1.0534568e-01  -9.9443566e-01
  -7.7178429e-02  -2.9327101e-01
  -7.7103061e-02  -4.9124306e-01
  -7.6210399e-02  -9.4601398e-02
  -7.4741658e-02   1.0360175e-01
  -7.4050098e-02  -6.9028689e-01
  -7.2537175e-02   3.0153045e-01
  -6.9630556e-02   4.9660150e-01
  -6.6980747e-02   6.9145316e-01
  -6.4373758e-02   8.9408615e-01
  -6.3761587e-02  -8.9455206e-01
  -2.1823020e-02  -3.9087026e-01
  -2.1174914e-02  -1.9302957e-01
  -2.0951346e-02  -5.8973059e-01
  -1.9960288e-02   5.0656712e-03
  -1.7945731e-02   2.0331856e-01
  -1.6299706e-02  -7.9272681e-01
  -1.4602091e-02   3.9991786e-01
  -1.1744067e-02   5.9440244e-01
  -1.1190404e-02   7.9305470e-01
  -9.8198203e-03   9.9995178e-01
   1.7382490e-03  -9.9999849e-01
   3.3697906e-02  -4.8846922e-01
   3.3914669e-02  -2.9088044e-01
   3.4870776e-02  -6.8928991e-01
   3.4906067e-02  -9.3405132e-02
   3.6373738e-02   1.0474872e-01
   3.9435611e-02   3.0287023e-01
   4.0848479e-02   8.9543336e-01
   4.2818135e-02  -8.9536587e-01
   4.3915718e-02   4.9844050e-01
   4.4449921e-02   6.9304658e-01
   8.8771679e-02  -5.8573229e-01
   8.9409323e-02  -3.8834085e-01
   9.0093428e-02  -1.9164159e-01
   9.0979403e-02  -7.8829246e-01
   9.1086393e-02   6.1763165e-03
   9.3141716e-02   2.0448580e-01
   9.7818725e-02   9.9520425e-01
   9.8074868e-02   4.0297600e-01
   9.8099905e-02   7.9078747e-01
   1.0184027e-01   5.9675898e-01
   1.1149122e-01  -9.9376542e-01
   1.4333712e-01  -6.8160900e-01
   1.4501509e-01  -4.8484724e-01
   1.4538374e-01  -2.8972495e-01
   1.4572072e-01   8.8731025e-01
   1.4596468e-01  -9.2331714e-02
   1.4723132e-01   1.0581071e-01
   1.4807994e-01  -8.8559188e-01
   1.5018421e-01   3.0484378e-01
   1.5781957e-01   5.0366676e-01
   1.5822231e-01   6.9335789e-01
   1.9793649e-01  -7.7504228e-01
   2.0008767e-01  -5.7949763e-01
   2.0126911e-01  -1.9066949e-01
   2.0176135e-01  -3.8741118e-01
   2.0196707e-01   6.8944200e-03
   2.0356608e-01   2.0602942e-01
   2.0442193e-01   9.7888287e-01
   2.0896038e-01   4.0587938e-01
   2.1125571e-01   7.8639791e-01
   2.1798450e-01   6.0488003e-01
   2.2158842e-01  -9.7514028e-01
   2.5143415e-01  -8.6601001e-01
   2.5316997e-01   8.7500890e-01
   2.5449308e-01  -6.7140702e-01
   2.5658771e-01  -2.8877737e-01
   2.5693536e-01  -9.1929752e-02
   2.5744479e-01   1.0654283e-01
   2.5901072e-01  -4.8411352e-01
   2.5982782e-01   3.0723267e-01
   2.6924006e-01   5.0692053e-01
   2.7816602e-01   7.0757609e-01
   3.0842872e-01  -7.5951100e-01
   3.1134081e-01   9.5029832e-01
   3.1254201e-01   7.2167304e-03
   3.1257954e-01  -1.9073725e-01
   3.1300270e-01   2.0683070e-01
   3.1396425e-01  -3.8615650e-01
   3.1625071e-01  -5.7975282e-01
   3.1909608e-01   4.0940006e-01
   3.2915475e-01   6.0732124e-01
   3.3059635e-01  -9.4377225e-01
   3.3543184e-01   8.1507896e-01
   3.5735496e-01  -8.4358954e-01
   3.6714858e-01   1.0692409e-01
   3.6747459e-01  -9.2122325e-02
   3.6753350e-01   3.0801423e-01
   3.6800277e-01  -2.8975461e-01
   3.7248878e-01  -4.8125943e-01
   3.7381320e-01  -6.7544399e-01
   3.8117476e-01   5.1172748e-01
   3.8687068e-01   7.0634103e-01
   4.0228844e-01   9.1551298e-01
   4.2212564e-01   2.0736961e-01
   4.2275907e-01   7.1051317e-03
   4.2343200e-01  -1.9187714e-01
   4.2685321e-01   4.0924094e-01
   4.2797283e-01  -3.8834029e-01
   4.2904695e-01  -5.7309403e-01
   4.3254360e-01  -7.7358044e-01
   4.4168640e-01  -8.9716950e-01
   4.4186908e-01   7.9506528e-01
   4.4336040e-01   6.1431181e-01
   4.7457737e-01   3.0847129e-01
   4.7620542e-01   1.0719767e-01
   4.7717556e-01  -9.3324271e-02
   4.7804438e-01  -2.9198587e-01
   4.8205772e-01  -6.6194465e-01
   4.8970475e-01   5.0752194e-01
   4.9089156e-01  -4.8464924e-01
   4.9212467e-01   8.7052473e-01
   5.0886929e-01   7.1552771e-01
   5.3127366e-01   2.0696589e-01
   5.3232637e-01   6.1457677e-03
   5.3273953e-01  -7.4517153e-01
   5.3385754e-01  -1.9300440e-01
   5.3445639e-01  -8.4519605e-01
   5.3626982e-01   4.0970372e-01
   5.4094959e-01  -3.9304080e-01
   5.4965837e-01   5.9863734e-01
   5.5048770e-01  -5.7737393e-01
   5.7442065e-01   8.1856027e-01
   5.7945848e-01   3.0800919e-01
   5.8440788e-01   1.0287883e-01
   5.8465845e-01  -2.9410934e-01
   5.8627044e-01  -9.1422215e-02
   6.0578615e-01   6.8002938e-01
   6.0585617e-01  -6.6643049e-01
   6.0672446e-01   5.0590129e-01
   6.1059069e-01  -4.9284544e-01
   6.3224597e-01  -7.7476773e-01
   6.3849839e-01   1.9623998e-01
   6.4256632e-01  -1.8557701e-01
   6.4451703e-01   4.0931814e-01
   6.4529961e-01   5.1810665e-03
   6.4912474e-01  -3.9824170e-01
   6.5155425e-01   7.5860204e-01
   6.7354941e-01   5.9360531e-01
   6.7468156e-01   2.9144813e-01
   6.7556027e-01  -5.8874769e-01
   6.8175687e-01  -2.8227594e-01
   6.9617922e-01   9.4692146e-02
   6.9848480e-01  -8.4693476e-02
   7.1567089e-01  -6.9843766e-01
   7.2711391e-01   5.0339025e-01
   7.2771720e-01  -4.9960092e-01
   7.2803972e-01   6.8553495e-01
   7.3705506e-01   3.8032209e-01
   7.4209827e-01  -3.7408920e-01
   7.4899707e-01   1.8702710e-01
   7.5346614e-01  -1.7696737e-01
   7.6767993e-01   5.0128100e-03
   7.7473095e-01   2.7799316e-01
   7.8108941e-01  -2.6844217e-01
   7.8881369e-01  -6.1463238e-01
   7.9614897e-01   6.0510067e-01
   8.0923137e-01   4.3543740e-01
   8.0996333e-01  -4.3601100e-01
   8.0997883e-01   1.0219371e-01
   8.1287856e-01  -9.1660998e-02
   8.4900968e-01  -5.2837728e-01
   8.5235640e-01   3.2967506e-01
   8.5348356e-01  -3.2693134e-01
   8.5419549e-01   5.1995198e-01
   8.6700185e-01   2.1460105e-01
   8.7138621e-01  -2.0644579e-01
   8.8756777e-01   7.6945675e-03
   9.0557715e-01   1.1491202e-01
   9.0619093e-01  -1.0172678e-01
   9.0699441e-01  -4.2114265e-01
   9.1049519e-01   4.1351966e-01
   9.4996221e-01  -3.1236484e-01
   9.5306650e-01   3.0276105e-01
   9.7680544e-01  -2.1412878e-01
   9.8010330e-01   1.9848810e-01
   9.9321862e-01  -1.1626161e-01
   9.9638281e-01   8.4978234e-02
   9.9988723e-01  -1.5017527e-02
