  -9.9975472e-01  -2.2147388e-02
  -8.7384253e-01   4.8620903e-01
  -8.6318151e-01  -5.0489373e-01
  -5.4324687e-01   5.1968485e-02
  -5.2402677e-01   8.5170179e-01
  -4.7146623e-01  -8.8188411e-01
  -3.8779095e-01  -3.8600175e-01
  -2.8253798e-01   4.6058751e-01
  -3.9983928e-02   9.9920032e-01
   1.0790642e-03  -1.8417532e-03
   2.2585656e-02  -9.9974491e-01
   5.1036841e-02  -5.4575331e-01
   2.0025356e-01   5.0775653e-01
   4.6397473e-01  -2.9211722e-01
   4.6963923e-01   8.8285842e-01
   5.1975698e-01   1.7076682e-01
   5.2489412e-01  -8.5116753e-01
   8.3905312e-01   5.4404950e-01
   8.8334721e-01  -4.6871921e-01
   9.9968771e-01   2.4989652e-02
