  -9.9998134e-01  -6.1085035e-03
  -9.9953837e-01   3.0381741e-02
  -9.9897629e-01  -4.5236942e-02
  -9.9794029e-01   6.4149707e-02
  -9.9665150e-01  -8.1766647e-02
  -9.9473419e-01   1.0248847e-01
  -9.9327269e-01  -1.1579878e-01
  -9.9061436e-01   1.3668646e-01
  -9.8798520e-01  -1.5454853e-01
  -9.8449941e-01   1.7538787e-01
  -9.8189421e-01  -1.8943008e-01
  -9.7735707e-01   2.1159671e-01
  -9.7340988e-01  -2.2907033e-01
  -9.7033275e-01  -2.4730773e-02
  -9.6934202e-01   2.4571540e-01
  -9.6614959e-01   8.0215896e-02
  -9.6549851e-01   1.1440222e-02
  -9.6401307e-01  -2.6585485e-01
  -9.6368742e-01  -6.0464201e-02
  -9.6113312e-01  -1.2975829e-01
  -9.5867743e-01   1.4969632e-01
  -9.5859332e-01   2.8477859e-01
  -9.5771122e-01   4.5441039e-02
  -9.5454451e-01  -9.4119292e-02
  -9.5349424e-01   1.1418701e-01
  -9.5198967e-01  -3.0613014e-01
  -9.5014272e-01  -2.0078236e-01
  -9.4738425e-01   1.8482065e-01
  -9.4720334e-01  -1.6339181e-01
  -9.4707366e-01   3.2101631e-01
  -9.3941049e-01  -2.3669724e-02
  -9.3879654e-01  -3.4447213e-01
  -9.3677372e-01   2.5498188e-01
  -9.3613060e-01  -2.3473006e-01
  -9.3464946e-01   2.1791697e-01
  -9.3269290e-01   3.6067153e-01
  -9.3136272e-01   7.8589598e-02
  -9.3106231e-01  -2.7752810e-01
  -9.2963165e-01   1.2562779e-02
  -9.2812713e-01  -5.9360998e-02
  -9.2699825e-01  -1.2578239e-01
  -9.2604326e-01   1.4703012e-01
  -9.2433548e-01  -3.8158082e-01
  -9.2073673e-01   2.8837081e-01
  -9.1875665e-01  -1.9315458e-01
  -9.1720321e-01   3.9841971e-01
  -9.1599758e-01  -3.1523939e-01
  -9.1548370e-01   4.5363960e-02
  -9.1348195e-01   1.1180233e-01
  -9.1346799e-01   3.3087780e-01
  -9.1271306e-01  -9.1502721e-02
  -9.1111335e-01   1.8147097e-01
  -9.0857400e-01  -4.1772393e-01
  -9.0744997e-01  -1.5727919e-01
  -9.0712067e-01  -2.5362848e-01
  -9.0611115e-01  -2.2848013e-02
  -9.0485659e-01   2.4682055e-01
  -9.0126008e-01  -3.5139282e-01
  -9.0046377e-01   4.3493103e-01
  -8.9720762e-01  -2.2057497e-01
  -8.9637362e-01   3.6788141e-01
  -8.9310810e-01   7.7892952e-02
  -8.9285423e-01  -2.8727976e-01
  -8.9278049e-01   2.1187589e-01
  -8.9176885e-01   1.2003420e-02
  -8.9152038e-01  -4.5298060e-01
  -8.9070709e-01   3.0589965e-01
  -8.9042884e-01  -5.7118489e-02
  -8.9042327e-01   1.4506771e-01
  -8.8882383e-01  -1.2255247e-01
  -8.8593148e-01  -3.8658961e-01
  -8.8241038e-01   4.7048052e-01
  -8.8154581e-01   2.7300708e-01
  -8.8112076e-01  -1.8631536e-01
  -8.7961402e-01   4.0340704e-01
  -8.7785007e-01  -3.2134475e-01
  -8.7474293e-01   3.3895134e-01
  -8.7468523e-01   4.4736092e-02
  -8.7378406e-01   1.1060849e-01
  -8.7320504e-01  -4.8735301e-01
  -8.7227726e-01  -2.5331247e-01
  -8.7224468e-01   1.7737368e-01
  -8.7188515e-01  -8.9016266e-02
  -8.6987750e-01  -2.2214957e-02
  -8.6961841e-01  -4.2101700e-01
  -8.6695246e-01  -1.5312347e-01
  -8.6587959e-01   2.3935382e-01
  -8.6301870e-01   5.0517198e-01
  -8.6279482e-01  -3.5540521e-01
  -8.6228189e-01   4.3800072e-01
  -8.5932844e-01  -2.1902140e-01
  -8.5798813e-01   3.7238648e-01
  -8.5630793e-01  -2.8798398e-01
  -8.5542610e-01   3.0479074e-01
  -8.5391532e-01   7.7133056e-02
  -8.5367450e-01  -5.2080692e-01
  -8.5294028e-01   1.1611284e-02
  -8.5228545e-01   1.4288056e-01
  -8.5219417e-01  -4.5470815e-01
  -8.5154639e-01  -5.5488890e-02
  -8.5088710e-01   2.0681023e-01
  -8.4917714e-01  -1.2011067e-01
  -8.4703650e-01  -3.8915880e-01
  -8.4398183e-01   4.7183939e-01
  -8.4320095e-01  -1.8535306e-01
  -8.4288448e-01   2.7084024e-01
  -8.4227300e-01   5.3905119e-01
  -8.4114951e-01   4.0582603e-01
  -8.4058559e-01  -3.2228138e-01
  -8.3782917e-01   3.3874658e-01
  -8.3706016e-01  -2.5330894e-01
  -8.3449373e-01   4.4165361e-02
  -8.3395031e-01   1.0931735e-01
  -8.3363639e-01  -4.8763213e-01
  -8.3298492e-01  -5.5329570e-01
  -8.3194309e-01   1.7406240e-01
  -8.3184081e-01  -2.1759648e-02
  -8.3147602e-01  -8.7345599e-02
  -8.3028985e-01  -4.2245958e-01
  -8.2745928e-01  -1.5224448e-01
  -8.2678140e-01   2.3768108e-01
  -8.2479765e-01  -3.5618627e-01
  -8.2458416e-01   5.0498519e-01
  -8.2363529e-01   4.3893065e-01
  -8.2190511e-01  -2.1906732e-01
  -8.2048501e-01   3.7235672e-01
  -8.2014559e-01   5.7215488e-01
  -8.1991926e-01  -2.8807331e-01
  -8.1958545e-01   3.0419996e-01
  -8.1423051e-01   7.6323641e-02
  -8.1397939e-01  -5.1973648e-01
  -8.1360014e-01   1.1311796e-02
  -8.1274190e-01   1.4098800e-01
  -8.1245244e-01  -4.5522378e-01
  -8.1211385e-01  -5.4493667e-02
  -8.1118871e-01  -5.8478447e-01
  -8.1035016e-01   2.0509326e-01
  -8.0973004e-01  -1.1946525e-01
  -8.0836568e-01  -3.8961427e-01
  -8.0528768e-01  -1.8545191e-01
  -8.0520328e-01   4.7153973e-01
  -8.0467294e-01   2.7036014e-01
  -8.0405778e-01   5.3749065e-01
  -8.0341524e-01  -3.2234686e-01
  -8.0306302e-01   4.0558699e-01
  -8.0105438e-01  -2.5353235e-01
  -8.0098986e-01   3.3820990e-01
  -7.9656545e-01   6.0455229e-01
  -7.9446563e-01   4.3624467e-02
  -7.9389887e-01   1.0819379e-01
  -7.9350033e-01  -4.8741457e-01
  -7.9330438e-01  -5.5097616e-01
  -7.9284043e-01  -2.1557823e-02
  -7.9186580e-01   1.7261193e-01
  -7.9164771e-01  -8.6847219e-02
  -7.9102710e-01  -4.2253386e-01
  -7.8850755e-01  -1.5234399e-01
  -7.8830031e-01  -6.1529068e-01
  -7.8792389e-01   2.3725162e-01
  -7.8685892e-01  -3.5611355e-01
  -7.8581185e-01   5.0357358e-01
  -7.8503460e-01   4.3833074e-01
  -7.8450409e-01  -2.1941646e-01
  -7.8322230e-01  -2.8807891e-01
  -7.8298907e-01   3.7180072e-01
  -7.8292010e-01   3.0398745e-01
  -7.8241095e-01   5.6949851e-01
  -7.7430474e-01   7.5621558e-02
  -7.7397767e-01   1.1003760e-02
  -7.7345507e-01  -5.1906236e-01
  -7.7295248e-01   1.4004136e-01
  -7.7268226e-01  -4.5495072e-01
  -7.7264336e-01  -5.4257720e-02
  -7.7175518e-01  -5.8136667e-01
  -7.7133803e-01   6.3642568e-01
  -7.7062295e-01   2.0460869e-01
  -7.7056881e-01  -1.1956281e-01
  -7.6973300e-01  -3.8935902e-01
  -7.6729880e-01  -1.8587099e-01
  -7.6653778e-01   2.7035509e-01
  -7.6618468e-01   4.7055682e-01
  -7.6604112e-01  -3.2217132e-01
  -7.6554861e-01   5.3502737e-01
  -7.6491860e-01   4.0492342e-01
  -7.6441246e-01  -2.5375306e-01
  -7.6418546e-01  -6.4499658e-01
  -7.6380317e-01   3.3783323e-01
  -7.5968043e-01   6.0143983e-01
  -7.5449764e-01   4.3149597e-02
  -7.5393114e-01   1.0758079e-01
  -7.5349062e-01  -2.1702226e-02
  -7.5332242e-01  -4.8693066e-01
  -7.5239411e-01  -5.5033891e-01
  -7.5220745e-01  -8.6962270e-02
  -7.5216019e-01   1.7215449e-01
  -7.5180042e-01  -4.2211251e-01
  -7.4980695e-01  -1.5276536e-01
  -7.4961438e-01  -6.1119946e-01
  -7.4918462e-01   2.3732092e-01
  -7.4879839e-01  -3.5576706e-01
  -7.4695118e-01  -2.1981858e-01
  -7.4648658e-01   5.0230643e-01
  -7.4631534e-01   4.3755967e-01
  -7.4614841e-01  -2.8802672e-01
  -7.4564296e-01   3.0397190e-01
  -7.4524544e-01   3.7131495e-01
  -7.4467036e-01   5.6603234e-01
  -7.4397106e-01   6.6821184e-01
  -7.3788824e-01  -6.7492292e-01
  -7.3583888e-01   6.3439242e-01
  -7.3442169e-01   7.5196740e-02
  -7.3430390e-01   1.0629409e-02
  -7.3328617e-01   1.3972809e-01
  -7.3326213e-01  -5.4460445e-02
  -7.3303014e-01  -5.1867255e-01
  -7.3298700e-01  -4.5445732e-01
  -7.3159590e-01  -1.1996126e-01
  -7.3132128e-01   2.0466043e-01
  -7.3105442e-01  -3.8888070e-01
  -7.3057512e-01  -5.8181974e-01
  -7.2921381e-01  -1.8635895e-01
  -7.2840757e-01  -3.2190460e-01
  -7.2834031e-01   2.7057183e-01
  -7.2790672e-01  -6.4247085e-01
  -7.2727008e-01  -2.5394292e-01
  -7.2700265e-01   4.6977394e-01
  -7.2660280e-01   4.0437395e-01
  -7.2624327e-01   3.3764353e-01
  -7.2607077e-01   5.3374907e-01
  -7.2376628e-01   5.9695160e-01
  -7.1828580e-01   6.9574816e-01
  -7.1469031e-01   4.2791714e-02
  -7.1417671e-01   1.0736073e-01
  -7.1408406e-01  -2.2038589e-02
  -7.1407604e-01  -7.0006815e-01
  -7.1334807e-01  -4.8658730e-01
  -7.1300107e-01  -8.7343732e-02
  -7.1274694e-01   1.7218240e-01
  -7.1262030e-01  -4.2158922e-01
  -7.1209980e-01  -5.5072624e-01
  -7.1121055e-01  -1.5327207e-01
  -7.1058729e-01  -3.5534324e-01
  -7.1050289e-01   2.3762081e-01
  -7.0938692e-01  -6.1574878e-01
  -7.0920336e-01  -2.2019183e-01
  -7.0871537e-01  -2.8794906e-01
  -7.0793342e-01   3.0410827e-01
  -7.0750775e-01   4.3705194e-01
  -7.0725197e-01   3.7102900e-01
  -7.0700761e-01   5.0174930e-01
  -7.0529509e-01   5.6529586e-01
  -7.0282707e-01   6.2699938e-01
  -7.0240956e-01   6.6154886e-01
  -6.9747042e-01  -6.5896645e-01
  -6.9473825e-01   1.0272414e-02
  -6.9473255e-01   7.4995294e-02
  -6.9399719e-01  -5.4843066e-02
  -6.9382549e-01   1.3976318e-01
  -6.9348646e-01  -4.5406094e-01
  -6.9314963e-01  -5.1895366e-01
  -6.9273717e-01  -1.2044919e-01
  -6.9234102e-01  -3.8838582e-01
  -6.9226041e-01   2.0495367e-01
  -6.9169760e-01  -5.8470761e-01
  -6.9103186e-01  -1.8682315e-01
  -6.9052971e-01  -3.2162376e-01
  -6.9005329e-01   2.7090773e-01
  -6.8992923e-01   7.2387682e-01
  -6.8974184e-01  -2.5409308e-01
  -6.8837727e-01   3.3764185e-01
  -6.8816692e-01   4.0410068e-01
  -6.8786276e-01   4.6951257e-01
  -6.8777890e-01  -7.2592024e-01
  -6.8657477e-01   5.3388065e-01
  -6.8435028e-01   5.9719846e-01
  -6.8121121e-01   6.9153710e-01
  -6.7632845e-01  -6.8820145e-01
  -6.7542985e-01  -6.2323519e-01
  -6.7510897e-01   4.2555611e-02
  -6.7476217e-01  -2.2411058e-02
  -6.7467035e-01   1.0736851e-01
  -6.7394759e-01  -8.7796851e-02
  -6.7384680e-01  -4.8663997e-01
  -6.7355479e-01   1.7243274e-01
  -6.7355402e-01  -4.2116251e-01
  -6.7322803e-01  -5.5257861e-01
  -6.7265225e-01  -1.5376134e-01
  -6.7225416e-01  -3.5494326e-01
  -6.7185780e-01   2.3802435e-01
  -6.7126877e-01  -2.2050832e-01
  -6.7097985e-01  -2.8786286e-01
  -6.6993701e-01   3.0436131e-01
  -6.6963298e-01   6.3550458e-01
  -6.6908492e-01   3.7098410e-01
  -6.6874388e-01   4.3697095e-01
  -6.6781104e-01   5.0209781e-01
  -6.6606791e-01   5.6671125e-01
  -6.6458323e-01   7.4721425e-01
  -6.5996239e-01  -7.5129864e-01
  -6.5814234e-01   6.6832746e-01
  -6.5711127e-01  -6.5485069e-01
  -6.5535476e-01   9.9861098e-03
  -6.5528411e-01   7.4939198e-02
  -6.5523176e-01  -5.8841543e-01
  -6.5486161e-01  -5.5244884e-02
  -6.5457487e-01   1.3996069e-01
  -6.5432119e-01  -4.5392562e-01
  -6.5425992e-01  -5.1995633e-01
  -6.5395535e-01  -1.2091936e-01
  -6.5364689e-01  -3.8798417e-01
  -6.5335713e-01   2.0534353e-01
  -6.5276400e-01  -1.8722412e-01
  -6.5245713e-01  -3.2137016e-01
  -6.5192288e-01  -2.5420460e-01
  -6.5169670e-01   2.7130601e-01
  -6.5093695e-01  -7.1478021e-01
  -6.5030775e-01   3.3781217e-01
  -6.4972361e-01   4.0416476e-01
  -6.4900524e-01   4.6991067e-01
  -6.4854207e-01   6.0339037e-01
  -6.4799933e-01   7.0816362e-01
  -6.4771710e-01   5.3534075e-01
  -6.3736917e-01   7.7055859e-01
  -6.3658326e-01  -6.2119513e-01
  -6.3576698e-01   4.2421463e-02
  -6.3558437e-01  -2.2733719e-02
  -6.3556096e-01  -5.5438476e-01
  -6.3540211e-01   1.0748803e-01
  -6.3501435e-01  -8.8217139e-02
  -6.3499160e-01  -4.8707190e-01
  -6.3468583e-01  -4.2092160e-01
  -6.3454170e-01   1.7276522e-01
  -6.3428195e-01  -6.8404296e-01
  -6.3410859e-01  -1.5418440e-01
  -6.3385419e-01  -3.5462099e-01
  -6.3325070e-01   2.3846166e-01
  -6.3317811e-01  -2.2076027e-01
  -6.3301235e-01  -2.8778093e-01
  -6.3235735e-01   6.3873886e-01
  -6.3177391e-01   3.0470182e-01
  -6.3085281e-01   3.7118244e-01
  -6.3019018e-01   4.3736774e-01
  -6.2963289e-01  -7.7689280e-01
  -6.2922225e-01   5.0335234e-01
  -6.2917289e-01   5.7084045e-01
  -6.2542709e-01   7.3505415e-01
  -6.2540643e-01  -7.4262318e-01
  -6.2170083e-01   6.7561934e-01
  -6.1664879e-01  -5.8750200e-01
  -6.1617128e-01  -6.5233231e-01
  -6.1617101e-01   9.7847204e-03
  -6.1607017e-01   7.4966662e-02
  -6.1602885e-01  -5.2078806e-01
  -6.1586129e-01  -5.5588130e-02
  -6.1555681e-01  -4.5401361e-01
  -6.1551765e-01   1.4021563e-01
  -6.1523780e-01  -1.2131838e-01
  -6.1503390e-01  -3.8771827e-01
  -6.1457707e-01   2.0575185e-01
  -6.1442990e-01  -1.8754662e-01
  -6.1425268e-01  -3.2116671e-01
  -6.1389449e-01  -2.5428303e-01
  -6.1330991e-01   2.7173082e-01
  -6.1214434e-01   3.3812950e-01
  -6.1156278e-01   6.0612143e-01
  -6.1139995e-01   4.0455921e-01
  -6.1062684e-01   4.7090874e-01
  -6.1026282e-01   5.3812877e-01
  -6.0970540e-01  -7.1484304e-01
  -6.0802381e-01   7.9391879e-01
  -6.0413955e-01   7.0623759e-01
  -6.0185461e-01  -7.9860568e-01
  -6.0039338e-01   7.6154597e-01
  -5.9698819e-01  -5.5396614e-01
  -5.9695155e-01  -6.1972069e-01
  -5.9664701e-01   4.2362185e-02
  -5.9656614e-01  -2.2976562e-02
  -5.9653278e-01   6.4233757e-01
  -5.9652703e-01  -4.8738570e-01
  -5.9634587e-01   1.0765069e-01
  -5.9618905e-01  -8.8558403e-02
  -5.9604603e-01  -4.2082958e-01
  -5.9568259e-01   1.7310652e-01
  -5.9557828e-01  -1.5452108e-01
  -5.9544376e-01  -3.5439339e-01
  -5.9497125e-01  -2.2094960e-01
  -5.9488435e-01  -2.8771207e-01
  -5.9469484e-01   2.3889191e-01
  -5.9397447e-01  -6.8429824e-01
  -5.9354307e-01   3.0510161e-01
  -5.9335628e-01  -7.5663806e-01
  -5.9266255e-01   3.7158720e-01
  -5.9196856e-01   4.3814604e-01
  -5.9196086e-01   5.7306848e-01
  -5.9150805e-01   5.0524193e-01
  -5.8167322e-01   8.1342256e-01
  -5.8135820e-01   7.3556929e-01
  -5.8122567e-01   6.7526509e-01
  -5.7757504e-01  -5.8668465e-01
  -5.7744335e-01  -5.2054691e-01
  -5.7717574e-01   9.6593190e-03
  -5.7706426e-01   7.5036465e-02
  -5.7703020e-01  -4.5405437e-01
  -5.7699384e-01  -5.5847467e-02
  -5.7663229e-01   1.4047324e-01
  -5.7658298e-01  -1.2162702e-01
  -5.7652720e-01  -3.8755826e-01
  -5.7649373e-01  -6.5220969e-01
  -5.7605395e-01  -1.8778933e-01
  -5.7597568e-01  -3.2101821e-01
  -5.7590740e-01   2.0613727e-01
  -5.7572628e-01  -2.5433509e-01
  -5.7499016e-01   6.0850494e-01
  -5.7493585e-01   2.7215526e-01
  -5.7484429e-01  -7.2242025e-01
  -5.7398106e-01   3.3854971e-01
  -5.7327889e-01   4.0517867e-01
  -5.7284301e-01   5.3982788e-01
  -5.7279573e-01   4.7219982e-01
  -5.6975610e-01  -8.2181384e-01
  -5.6947355e-01  -7.8556659e-01
  -5.6706008e-01   7.7551941e-01
  -5.6176340e-01   7.0660759e-01
  -5.5844683e-01   6.4255800e-01
  -5.5816631e-01  -5.5348414e-01
  -5.5794993e-01  -4.8719368e-01
  -5.5779312e-01  -6.1949647e-01
  -5.5772019e-01   4.2352632e-02
  -5.5770089e-01  -2.3140776e-02
  -5.5754418e-01  -4.2073874e-01
  -5.5747216e-01   1.0781937e-01
  -5.5746496e-01  -8.8810082e-02
  -5.5720607e-01  -6.8756992e-01
  -5.5706936e-01  -1.5476978e-01
  -5.5705443e-01  -3.5423826e-01
  -5.5696040e-01   1.7342072e-01
  -5.5668918e-01  -2.2108315e-01
  -5.5665846e-01  -2.8765814e-01
  -5.5620605e-01   2.3929026e-01
  -5.5531800e-01   3.0552436e-01
  -5.5492863e-01   5.7470422e-01
  -5.5457942e-01   3.7210351e-01
  -5.5408167e-01   4.3904443e-01
  -5.5393401e-01   5.0648456e-01
  -5.5361919e-01  -7.5576441e-01
  -5.5293317e-01   8.3322561e-01
  -5.4447390e-01   7.4314335e-01
  -5.4270353e-01   8.0253625e-01
  -5.4099962e-01   6.7549422e-01
  -5.4024995e-01  -8.4150460e-01
  -5.3875057e-01  -5.2022781e-01
  -5.3869760e-01  -5.8645627e-01
  -5.3857372e-01  -6.5358467e-01
  -5.3848786e-01  -4.5387115e-01
  -5.3834656e-01   9.5924803e-03
  -5.3825031e-01  -5.6025602e-02
  -5.3823566e-01   7.5123017e-02
  -5.3808720e-01  -3.8742211e-01
  -5.3799230e-01  -1.2184732e-01
  -5.3789738e-01   1.4070740e-01
  -5.3766684e-01  -3.2090995e-01
  -5.3766080e-01  -1.8795965e-01
  -5.3747500e-01  -2.5436570e-01
  -5.3744532e-01   6.0900979e-01
  -5.3734262e-01   2.0647880e-01
  -5.3724706e-01  -7.2093444e-01
  -5.3660816e-01   2.7255317e-01
  -5.3600732e-01  -7.9710283e-01
  -5.3587282e-01   3.3899940e-01
  -5.3553078e-01   5.4095944e-01
  -5.3535167e-01   4.0582602e-01
  -5.3510869e-01   4.7308734e-01
  -5.2655182e-01   8.5014304e-01
  -5.2416337e-01   7.7445991e-01
  -5.2346951e-01   7.1034846e-01
  -5.1997266e-01   6.4278310e-01
  -5.1950969e-01  -7.5670029e-01
  -5.1946187e-01  -6.2000506e-01
  -5.1943825e-01  -5.5328034e-01
  -5.1934232e-01  -4.8695194e-01
  -5.1905520e-01  -4.2056220e-01
  -5.1901505e-01  -6.8688320e-01
  -5.1897289e-01  -2.3240593e-02
  -5.1895654e-01   4.2372858e-02
  -5.1883547e-01  -8.8980717e-02
  -5.1875343e-01   1.0797539e-01
  -5.1868103e-01  -3.5410943e-01
  -5.1859176e-01  -1.5494018e-01
  -5.1838059e-01  -2.8761245e-01
  -5.1836810e-01  -2.2116959e-01
  -5.1836105e-01   1.7369190e-01
  -5.1779473e-01   2.3963903e-01
  -5.1747385e-01   5.7521367e-01
  -5.1713812e-01   3.0592151e-01
  -5.1660173e-01   3.7259434e-01
  -5.1643712e-01   5.0726249e-01
  -5.1630593e-01   4.3967492e-01
  -5.0936882e-01  -8.2520808e-01
  -5.0829624e-01   8.1373874e-01
  -5.0591698e-01  -8.6258218e-01
  -5.0428056e-01   7.4338368e-01
  -5.0272151e-01   6.7710878e-01
  -5.0029711e-01  -7.2102725e-01
  -5.0020693e-01  -5.8660238e-01
  -5.0015397e-01  -7.8588747e-01
  -5.0011799e-01  -5.2004616e-01
  -5.0011702e-01  -6.5324731e-01
  -4.9995064e-01  -4.5367009e-01
  -4.9965934e-01   9.5663517e-03
  -4.9965871e-01  -3.8726354e-01
  -4.9964653e-01   6.0923828e-01
  -4.9961844e-01  -5.6137103e-02
  -4.9955588e-01   7.5211174e-02
  -4.9946656e-01  -1.2199247e-01
  -4.9934306e-01  -3.2081702e-01
  -4.9932207e-01   8.6641645e-01
  -4.9929297e-01   1.4090718e-01
  -4.9927155e-01  -1.8806950e-01
  -4.9918234e-01  -2.5437658e-01
  -4.9887677e-01   2.0676553e-01
  -4.9834216e-01   2.7289623e-01
  -4.9803452e-01   5.4136687e-01
  -4.9782528e-01   3.3939114e-01
  -4.9749659e-01   4.0628162e-01
  -4.9747692e-01   4.7361682e-01
  -4.8699350e-01   7.7970279e-01
  -4.8441481e-01   7.1065208e-01
  -4.8293454e-01   8.3985365e-01
  -4.8213414e-01   6.4341449e-01
  -4.8102336e-01  -6.8677843e-01
  -4.8092583e-01  -6.1982388e-01
  -4.8090655e-01  -5.5327479e-01
  -4.8078323e-01  -4.8678731e-01
  -4.8058700e-01  -7.5243769e-01
  -4.8058266e-01  -4.2039013e-01
  -4.8036438e-01  -2.3293160e-02
  -4.8032934e-01   4.2408384e-02
  -4.8030830e-01  -3.5398117e-01
  -4.8029316e-01  -8.9086607e-02
  -4.8016556e-01   1.0811023e-01
  -4.8015366e-01  -1.5504719e-01
  -4.8007840e-01  -2.8756468e-01
  -4.8003581e-01  -2.2121733e-01
  -4.7987945e-01   5.7537926e-01
  -4.7987062e-01   1.7391393e-01
  -4.7946091e-01   2.3992375e-01
  -4.7900815e-01   3.0624339e-01
  -4.7885869e-01   5.0754803e-01
  -4.7866682e-01   3.7293632e-01
  -4.7856493e-01   4.4003534e-01
  -4.7702946e-01  -8.1323025e-01
  -4.7162789e-01  -8.4732449e-01
  -4.7118991e-01   8.8203178e-01
  -4.7076925e-01  -8.8225638e-01
  -4.6653452e-01   7.4549748e-01
  -4.6571304e-01   8.1070336e-01
  -4.6432829e-01   6.7715848e-01
  -4.6202681e-01   6.0942560e-01
  -4.6172000e-01  -6.5314694e-01
  -4.6166021e-01  -5.8648701e-01
  -4.6159894e-01  -5.1997792e-01
  -4.6145542e-01  -4.5352086e-01
  -4.6138107e-01  -7.1912703e-01
  -4.6124543e-01  -3.8711982e-01
  -4.6109214e-01   9.5659574e-03
  -4.6108534e-01  -5.6199223e-02
  -4.6101168e-01  -3.2072630e-01
  -4.6100491e-01  -1.2207944e-01
  -4.6100054e-01   7.5292353e-02
  -4.6090173e-01  -1.8813185e-01
  -4.6087555e-01  -2.5436830e-01
  -4.6080057e-01   1.4106908e-01
  -4.6049975e-01   2.0699159e-01
  -4.6045747e-01   5.4144566e-01
  -4.6013403e-01   2.7316009e-01
  -4.5980775e-01   3.3965927e-01
  -4.5980436e-01   4.7379919e-01
  -4.5965933e-01   4.0653295e-01
  -4.5942950e-01  -7.8295545e-01
  -4.4729965e-01   8.4925175e-01
  -4.4711666e-01   7.7816475e-01
  -4.4644168e-01   7.1129700e-01
  -4.4421320e-01   6.4323035e-01
  -4.4326859e-01   8.9638884e-01
  -4.4241853e-01  -6.1974967e-01
  -4.4238285e-01  -5.5318515e-01
  -4.4231189e-01   5.7534272e-01
  -4.4230004e-01  -4.8669531e-01
  -4.4218268e-01  -6.8596329e-01
  -4.4214558e-01  -4.2025790e-01
  -4.4194555e-01  -3.5386809e-01
  -4.4191956e-01  -8.1996320e-01
  -4.4185870e-01  -2.3313914e-02
  -4.4183027e-01  -8.9145057e-02
  -4.4181622e-01   4.2449312e-02
  -4.4176936e-01  -2.8751111e-01
  -4.4176011e-01  -1.5510643e-01
  -4.4171106e-01  -2.2123438e-01
  -4.4168780e-01   1.0822064e-01
  -4.4147410e-01   1.7408542e-01
  -4.4122472e-01   5.0755224e-01
  -4.4119466e-01   2.4013513e-01
  -4.4100040e-01  -7.5114736e-01
  -4.4091071e-01   3.0645941e-01
  -4.4079734e-01   4.4014591e-01
  -4.4074074e-01   3.7312064e-01
  -4.3919852e-01  -8.9839004e-01
  -4.3411531e-01  -8.5678855e-01
  -4.2845412e-01   8.1351518e-01
  -4.2774590e-01   7.4450545e-01
  -4.2640166e-01   6.7706865e-01
  -4.2432042e-01   6.0909949e-01
  -4.2314643e-01  -5.8643264e-01
  -4.2311392e-01  -5.1989773e-01
  -4.2301691e-01  -4.5342370e-01
  -4.2299115e-01  -6.5280974e-01
  -4.2286069e-01  -3.8700741e-01
  -4.2285276e-01   5.4129422e-01
  -4.2268719e-01  -3.2064447e-01
  -4.2263898e-01  -5.6227523e-02
  -4.2262636e-01   9.5799690e-03
  -4.2260495e-01  -1.2212452e-01
  -4.2257250e-01  -2.5434456e-01
  -4.2256561e-01  -7.8636686e-01
  -4.2256119e-01  -1.8815899e-01
  -4.2254929e-01   7.5361961e-02
  -4.2240281e-01   1.4119321e-01
  -4.2225997e-01  -7.1870924e-01
  -4.2219756e-01   2.0715563e-01
  -4.2208608e-01   4.7375651e-01
  -4.2196884e-01   2.7333426e-01
  -4.2180135e-01   4.0660121e-01
  -4.2179991e-01   3.3980249e-01
  -4.1994180e-01   8.7311060e-01
  -4.1107859e-01   9.1159991e-01
  -4.0916429e-01   7.7856575e-01
  -4.0810969e-01   7.1043160e-01
  -4.0769460e-01  -8.8040285e-01
  -4.0706701e-01  -8.2244242e-01
  -4.0642452e-01   6.4278404e-01
  -4.0536404e-01   8.4284518e-01
  -4.0465515e-01   5.7494786e-01
  -4.0390066e-01  -5.5314018e-01
  -4.0385966e-01  -4.8661953e-01
  -4.0380089e-01  -6.1961927e-01
  -4.0375354e-01  -4.2016549e-01
  -4.0360565e-01  -3.5377761e-01
  -4.0354213e-01   5.0735358e-01
  -4.0346970e-01  -2.8745753e-01
  -4.0344143e-01  -2.3315044e-02
  -4.0343913e-01  -8.9171116e-02
  -4.0341323e-01  -1.5513193e-01
  -4.0340610e-01  -2.2122944e-01
  -4.0339880e-01   4.2489213e-02
  -4.0334711e-01  -6.8590275e-01
  -4.0330217e-01   1.0830613e-01
  -4.0329839e-01  -9.1506853e-01
  -4.0324197e-01  -7.5309256e-01
  -4.0315582e-01   1.7420831e-01
  -4.0298972e-01   4.4008355e-01
  -4.0298120e-01   2.4027302e-01
  -4.0283165e-01   3.0657494e-01
  -4.0280028e-01   3.7316778e-01
  -3.8964393e-01   7.4399973e-01
  -3.8955170e-01  -8.5183669e-01
  -3.8837298e-01   8.1005911e-01
  -3.8833967e-01   6.7616825e-01
  -3.8659737e-01   6.0850980e-01
  -3.8562845e-01  -7.8800172e-01
  -3.8515785e-01   5.4089023e-01
  -3.8467541e-01  -5.1985583e-01
  -3.8462230e-01  -4.5335193e-01
  -3.8461979e-01  -5.8638648e-01
  -3.8455447e-01   8.8034913e-01
  -3.8451293e-01  -3.8692540e-01
  -3.8438296e-01  -3.2057601e-01
  -3.8433719e-01  -6.5287483e-01
  -3.8431391e-01   4.7355357e-01
  -3.8428694e-01  -2.5431282e-01
  -3.8426865e-01  -5.6234350e-02
  -3.8426315e-01  -1.2214137e-01
  -3.8425566e-01  -1.8816219e-01
  -3.8424660e-01   9.6004033e-03
  -3.8418516e-01   7.5417914e-02
  -3.8411666e-01  -7.1985777e-01
  -3.8408365e-01   1.4128200e-01
  -3.8395520e-01   2.0726189e-01
  -3.8391024e-01   4.0653869e-01
  -3.8383373e-01   2.7342798e-01
  -3.8378754e-01   3.3984045e-01
  -3.8071514e-01   9.2469237e-01
  -3.7083425e-01  -8.8701864e-01
  -3.7083358e-01  -9.2869934e-01
  -3.7004687e-01   7.0950405e-01
  -3.7003601e-01   7.7644879e-01
  -3.6852320e-01   6.4185752e-01
  -3.6801596e-01   8.4459749e-01
  -3.6734383e-01  -8.2026173e-01
  -3.6691805e-01   5.7434314e-01
  -3.6577370e-01   5.0698028e-01
  -3.6554854e-01  -7.5417439e-01
  -3.6546711e-01  -4.8657789e-01
  -3.6544653e-01  -5.5312429e-01
  -3.6540314e-01  -4.2009908e-01
  -3.6529736e-01  -3.5370891e-01
  -3.6527149e-01  -6.1971080e-01
  -3.6519185e-01  -2.8740865e-01
  -3.6513210e-01   4.3990079e-01
  -3.6512945e-01  -2.2121164e-01
  -3.6511306e-01  -1.5513541e-01
  -3.6511249e-01  -8.9176587e-02
  -3.6510027e-01  -2.3305421e-02
  -3.6506195e-01   4.2524234e-02
  -3.6505426e-01  -6.8660554e-01
  -3.6499316e-01   1.0836806e-01
  -3.6490104e-01   1.7428781e-01
  -3.6483657e-01   3.7311572e-01
  -3.6480785e-01   2.4034780e-01
  -3.6476053e-01   3.0660849e-01
  -3.5588748e-01   9.0221364e-01
  -3.5111216e-01   7.4229145e-01
  -3.5034421e-01   6.7505917e-01
  -3.5018007e-01  -8.5386598e-01
  -3.5016598e-01   8.0999877e-01
  -3.4874261e-01   6.0763668e-01
  -3.4736352e-01   5.4033831e-01
  -3.4683947e-01  -7.8743188e-01
  -3.4646600e-01   4.7323186e-01
  -3.4628072e-01  -5.1984694e-01
  -3.4627423e-01  -4.5331014e-01
  -3.4620345e-01  -3.8686598e-01
  -3.4617651e-01  -5.8646946e-01
  -3.4610785e-01  -3.2052124e-01
  -3.4609027e-01  -7.2059624e-01
  -3.4602824e-01  -2.5427912e-01
  -3.4600216e-01  -6.5331407e-01
  -3.4598836e-01  -1.8815119e-01
  -3.4597868e-01   4.0638704e-01
  -3.4597548e-01  -1.2214071e-01
  -3.4596494e-01  -5.6228777e-02
  -3.4594004e-01   9.6220097e-03
  -3.4589388e-01   7.5459910e-02
  -3.4582900e-01   1.4133984e-01
  -3.4576426e-01   3.3980226e-01
  -3.4576003e-01   2.0732005e-01
  -3.4571896e-01   2.7345790e-01
  -3.4551035e-01   9.3841494e-01
  -3.4296987e-01  -9.0822582e-01
  -3.4291557e-01   8.7266200e-01
  -3.3372708e-01  -9.4266974e-01
  -3.3181552e-01   7.7540488e-01
  -3.3180193e-01   7.0790842e-01
  -3.3055200e-01   6.4076829e-01
  -3.2904384e-01   5.7357720e-01
  -3.2860147e-01  -8.2116886e-01
  -3.2790959e-01   5.0650977e-01
  -3.2774342e-01   8.4118069e-01
  -3.2721279e-01   4.3963729e-01
  -3.2712280e-01  -4.8656698e-01
  -3.2711830e-01  -7.5420591e-01
  -3.2709653e-01  -4.2005797e-01
  -3.2706719e-01  -5.5318785e-01
  -3.2702432e-01  -3.5365764e-01
  -3.2694352e-01  -2.8736653e-01
  -3.2693868e-01  -6.1999376e-01
  -3.2688772e-01  -6.8710854e-01
  -3.2688622e-01  -2.2118804e-01
  -3.2685842e-01  -1.5512617e-01
  -3.2684505e-01   3.7299716e-01
  -3.2684359e-01  -8.9170190e-02
  -3.2682476e-01  -2.3291107e-02
  -3.2679305e-01   4.2552463e-02
  -3.2674763e-01   1.0840923e-01
  -3.2669753e-01   1.7433190e-01
  -3.2669159e-01   3.0658312e-01
  -3.2666483e-01   2.4037365e-01
  -3.2653130e-01  -8.8074179e-01
  -3.2041311e-01   9.1044411e-01
  -3.1296184e-01   7.4073308e-01
  -3.1217939e-01   6.7363408e-01
  -3.1151206e-01   9.5024220e-01
  -3.1122316e-01   8.0763816e-01
  -3.1076013e-01   6.0667229e-01
  -3.0944323e-01   5.3969940e-01
  -3.0853672e-01   4.7284836e-01
  -3.0837187e-01  -7.8801431e-01
  -3.0800123e-01   4.0617949e-01
  -3.0797375e-01  -4.5329470e-01
  -3.0795230e-01  -5.1988988e-01
  -3.0793453e-01  -3.8682683e-01
  -3.0786617e-01  -3.2047840e-01
  -3.0786449e-01  -5.8665559e-01
  -3.0780165e-01  -2.5424712e-01
  -3.0779990e-01  -7.2080193e-01
  -3.0777740e-01  -6.5366516e-01
  -3.0776031e-01  -1.8813324e-01
  -3.0773763e-01  -1.2213046e-01
  -3.0773483e-01  -8.5182265e-01
  -3.0772684e-01   3.3971371e-01
  -3.0771952e-01  -5.6217132e-02
  -3.0769587e-01   9.6416507e-03
  -3.0766352e-01   7.5489000e-02
  -3.0762724e-01   1.4137262e-01
  -3.0761825e-01   2.7344244e-01
  -3.0760217e-01   2.0734156e-01
  -3.0626895e-01  -9.1679170e-01
  -3.0614782e-01   8.7757453e-01
  -2.9808368e-01  -9.5453974e-01
  -2.9358425e-01   7.0634626e-01
  -2.9345560e-01   7.7307488e-01
  -2.9240439e-01   6.3955966e-01
  -2.9103312e-01   5.7277307e-01
  -2.9086894e-01   8.4224801e-01
  -2.8993979e-01   5.0599501e-01
  -2.8923009e-01   4.3933460e-01
  -2.8883721e-01  -4.8659167e-01
  -2.8883475e-01  -4.2003832e-01
  -2.8882665e-01  -7.5460615e-01
  -2.8882340e-01   3.7283877e-01
  -2.8878887e-01  -3.5362162e-01
  -2.8878313e-01  -5.5331082e-01
  -2.8872831e-01  -2.8733151e-01
  -2.8869938e-01  -6.2024242e-01
  -2.8867851e-01  -2.2116323e-01
  -2.8864708e-01  -1.5511083e-01
  -2.8864371e-01  -6.8735193e-01
  -2.8862610e-01  -8.9158071e-02
  -2.8862148e-01   3.0651931e-01
  -2.8860581e-01  -2.3275988e-02
  -2.8858147e-01   4.2573446e-02
  -2.8855472e-01   1.0843345e-01
  -2.8854514e-01   2.4036509e-01
  -2.8853552e-01   1.7434931e-01
  -2.8850506e-01  -8.2059899e-01
  -2.8773256e-01  -8.8701947e-01
  -2.8586662e-01   9.1639353e-01
  -2.7853880e-01   9.6042498e-01
  -2.7458572e-01   7.3872154e-01
  -2.7398552e-01   8.0617050e-01
  -2.7390573e-01   6.7226538e-01
  -2.7261137e-01   6.0568625e-01
  -2.7140141e-01   5.3905290e-01
  -2.7088274e-01   8.7737311e-01
  -2.7078000e-01  -9.2592224e-01
  -2.7052459e-01   4.7244386e-01
  -2.6997837e-01   4.0594656e-01
  -2.6972541e-01  -4.5330456e-01
  -2.6970697e-01  -3.8680440e-01
  -2.6969821e-01  -5.1996952e-01
  -2.6967383e-01   3.3959602e-01
  -2.6965986e-01  -3.2044626e-01
  -2.6963205e-01  -5.8683234e-01
  -2.6960900e-01  -2.5421868e-01
  -2.6957275e-01  -7.2113058e-01
  -2.6957064e-01  -1.8811314e-01
  -2.6955628e-01  -6.5389116e-01
  -2.6954503e-01  -1.2211611e-01
  -2.6952737e-01   2.7339779e-01
  -2.6952491e-01  -5.6203612e-02
  -2.6950477e-01   9.6577500e-03
  -2.6948410e-01   7.5507177e-02
  -2.6947415e-01   2.0733756e-01
  -2.6946891e-01   1.4138659e-01
  -2.6943413e-01  -7.8796124e-01
  -2.6911603e-01  -8.5546251e-01
  -2.6277435e-01  -9.6485732e-01
  -2.5546328e-01   7.7123080e-01
  -2.5514005e-01   7.0470889e-01
  -2.5486004e-01   9.3672647e-01
  -2.5472862e-01   8.3893776e-01
  -2.5411129e-01   6.3843198e-01
  -2.5287974e-01   5.7198924e-01
  -2.5187153e-01   5.0548754e-01
  -2.5119684e-01  -8.9260297e-01
  -2.5118617e-01   4.3902303e-01
  -2.5077266e-01   3.7266344e-01
  -2.5061929e-01  -4.2003693e-01
  -2.5061268e-01  -4.8664034e-01
  -2.5059138e-01  -3.5359804e-01
  -2.5056762e-01  -5.5343493e-01
  -2.5054829e-01   3.0643393e-01
  -2.5054712e-01  -2.8730353e-01
  -2.5050590e-01  -2.2113997e-01
  -2.5049693e-01  -6.2043224e-01
  -2.5047578e-01  -1.5509375e-01
  -2.5045395e-01  -8.9144309e-02
  -2.5045078e-01  -6.8763061e-01
  -2.5044367e-01   2.4033475e-01
  -2.5043539e-01  -2.3262352e-02
  -2.5041817e-01   4.2587728e-02
  -2.5040731e-01   1.7434831e-01
  -2.5040544e-01   1.0844484e-01
  -2.5035799e-01  -7.5478727e-01
  -2.5032913e-01  -8.2242205e-01
  -2.4633235e-01   9.0516456e-01
  -2.3992586e-01   9.7079121e-01
  -2.3623535e-01   8.0338688e-01
  -2.3618668e-01   7.3707231e-01
  -2.3543746e-01   6.7096676e-01
  -2.3503535e-01  -9.3002555e-01
  -2.3432333e-01   6.0478627e-01
  -2.3367268e-01   8.6804173e-01
  -2.3324486e-01   5.3844096e-01
  -2.3243741e-01   4.7205267e-01
  -2.3210133e-01  -8.5788831e-01
  -2.3191318e-01   4.0571091e-01
  -2.3160568e-01   3.3946681e-01
  -2.3152879e-01  -4.5333061e-01
  -2.3152058e-01  -3.8679511e-01
  -2.3150375e-01  -5.2005371e-01
  -2.3148856e-01  -3.2042307e-01
  -2.3144967e-01  -2.5419477e-01
  -2.3144835e-01  -5.8698209e-01
  -2.3144342e-01   2.7333733e-01
  -2.3141688e-01  -1.8809387e-01
  -2.3139277e-01  -1.2210124e-01
  -2.3138718e-01  -6.5412358e-01
  -2.3137419e-01  -5.6190818e-02
  -2.3137014e-01   2.0731771e-01
  -2.3135863e-01   9.6698071e-03
  -2.3134718e-01   7.5516851e-02
  -2.3134632e-01   1.4138764e-01
  -2.3133111e-01  -7.8899639e-01
  -2.3130678e-01  -7.2138285e-01
  -2.2928806e-01  -9.7335861e-01
  -2.1829021e-01   9.3995215e-01
  -2.1701005e-01   7.6914442e-01
  -2.1657923e-01   7.0335820e-01
  -2.1586754e-01   8.3375014e-01
  -2.1565987e-01   6.3741417e-01
  -2.1478005e-01  -8.9290952e-01
  -2.1460823e-01   5.7128470e-01
  -2.1371507e-01   5.0501674e-01
  -2.1308795e-01   4.3872644e-01
  -2.1274771e-01  -8.2365531e-01
  -2.1269535e-01   3.7248854e-01
  -2.1247133e-01   3.0634083e-01
  -2.1244826e-01  -4.2004660e-01
  -2.1244015e-01  -4.8669364e-01
  -2.1243051e-01  -3.5358394e-01
  -2.1240303e-01  -5.5354639e-01
  -2.1239859e-01  -2.8728193e-01
  -2.1236617e-01  -2.2111986e-01
  -2.1235653e-01   2.4029309e-01
  -2.1234785e-01  -6.2061944e-01
  -2.1234042e-01  -1.5507772e-01
  -2.1232116e-01  -8.9131466e-02
  -2.1230668e-01   1.7433610e-01
  -2.1230620e-01  -2.3251365e-02
  -2.1229530e-01   4.2596406e-02
  -2.1229224e-01   1.0844737e-01
  -2.1228017e-01  -7.5543877e-01
  -2.1227752e-01  -6.8788111e-01
  -2.1221077e-01   8.9858808e-01
  -2.0582903e-01  -9.4869956e-01
  -2.0320920e-01   9.7913534e-01
  -1.9748035e-01   7.3551355e-01
  -1.9706885e-01   8.0027864e-01
  -1.9684693e-01   6.6989241e-01
  -1.9590922e-01   6.0399510e-01
  -1.9499444e-01   8.6429413e-01
  -1.9499406e-01   5.3789761e-01
  -1.9450645e-01  -8.5791111e-01
  -1.9428489e-01   4.7169581e-01
  -1.9381099e-01   4.0549008e-01
  -1.9352371e-01   3.3933976e-01
  -1.9347702e-01  -7.8971991e-01
  -1.9337724e-01  -4.5336014e-01
  -1.9337244e-01  -3.8679352e-01
  -1.9336446e-01   2.7327193e-01
  -1.9335778e-01  -5.2013087e-01
  -1.9334997e-01  -3.2040684e-01
  -1.9332113e-01  -2.5417565e-01
  -1.9331719e-01  -5.8712565e-01
  -1.9329533e-01  -1.8807730e-01
  -1.9328550e-01   2.0729003e-01
  -1.9327557e-01  -1.2208809e-01
  -1.9326085e-01  -6.5434194e-01
  -1.9326080e-01  -5.6180247e-02
  -1.9325304e-01   1.4138094e-01
  -1.9325016e-01   9.6779738e-03
  -1.9324548e-01   7.5520474e-02
  -1.9324225e-01  -7.2183105e-01
  -1.9172301e-01  -9.1917530e-01
  -1.9038810e-01  -9.8170890e-01
  -1.8822147e-01   9.2296706e-01
  -1.7805874e-01   9.5517093e-01
  -1.7784670e-01   7.6713936e-01
  -1.7782146e-01   7.0217721e-01
  -1.7710127e-01   6.3657093e-01
  -1.7652694e-01   8.3126957e-01
  -1.7623756e-01   5.7067557e-01
  -1.7548627e-01   5.0460421e-01
  -1.7494321e-01   4.3846073e-01
  -1.7475948e-01  -8.2375352e-01
  -1.7459504e-01   3.7232764e-01
  -1.7439054e-01   3.0625085e-01
  -1.7432196e-01  -7.5592266e-01
  -1.7431576e-01  -4.2005855e-01
  -1.7431131e-01  -4.8674158e-01
  -1.7430256e-01  -3.5357548e-01
  -1.7428780e-01  -5.5364915e-01
  -1.7428072e-01   2.4024858e-01
  -1.7427947e-01  -2.8726580e-01
  -1.7425559e-01  -2.2110379e-01
  -1.7424877e-01  -6.2079402e-01
  -1.7423615e-01  -1.5506450e-01
  -1.7422844e-01   1.7431863e-01
  -1.7422420e-01  -6.8820600e-01
  -1.7422175e-01  -8.9121103e-02
  -1.7421147e-01  -2.3243493e-02
  -1.7420864e-01   1.0844457e-01
  -1.7420586e-01   4.2600780e-02
  -1.7342913e-01  -8.8820951e-01
  -1.7170637e-01   8.9206813e-01
  -1.6803889e-01  -9.5223860e-01
  -1.6199639e-01   9.8679135e-01
  -1.5841163e-01   7.3413681e-01
  -1.5812500e-01   6.6898760e-01
  -1.5766842e-01   7.9856809e-01
  -1.5740567e-01   6.0334093e-01
  -1.5666622e-01   5.3743527e-01
  -1.5607871e-01   4.7138871e-01
  -1.5567747e-01   4.0529667e-01
  -1.5542982e-01   3.3922559e-01
  -1.5540681e-01  -7.8990276e-01
  -1.5528916e-01   2.7321017e-01
  -1.5526336e-01  -4.5338474e-01
  -1.5525672e-01  -3.8679360e-01
  -1.5525596e-01  -5.2019719e-01
  -1.5525289e-01  -7.2218282e-01
  -1.5523968e-01  -3.2039528e-01
  -1.5523563e-01  -5.8725345e-01
  -1.5521925e-01  -2.5416131e-01
  -1.5521807e-01  -6.5457848e-01
  -1.5521637e-01   2.0726097e-01
  -1.5520129e-01  -1.8806461e-01
  -1.5518784e-01  -1.2207809e-01
  -1.5518352e-01   1.4137077e-01
  -1.5517840e-01  -5.6172719e-02
  -1.5517267e-01   9.6827219e-03
  -1.5517254e-01   7.5520289e-02
  -1.5465717e-01  -8.5602131e-01
  -1.5448573e-01   8.6100848e-01
  -1.5280497e-01  -9.8825636e-01
  -1.5187625e-01  -9.2098573e-01
  -1.5175053e-01   9.2596031e-01
  -1.3887095e-01   7.0118610e-01
  -1.3856116e-01   7.6592201e-01
  -1.3844840e-01   6.3587611e-01
  -1.3779363e-01   5.7017659e-01
  -1.3763000e-01   9.5918339e-01
  -1.3719867e-01   5.0426076e-01
  -1.3676031e-01   4.3823797e-01
  -1.3652034e-01   8.2945908e-01
  -1.3647549e-01   3.7219087e-01
  -1.3630631e-01   3.0617250e-01
  -1.3627405e-01  -7.5614316e-01
  -1.3623192e-01  -6.8846490e-01
  -1.3621991e-01  -4.8677753e-01
  -1.3621742e-01  -5.5373217e-01
  -1.3621454e-01  -6.2095805e-01
  -1.3621442e-01  -4.2006627e-01
  -1.3621381e-01   2.4020789e-01
  -1.3620143e-01  -3.5356891e-01
  -1.3618478e-01  -2.8725416e-01
  -1.3616929e-01  -2.2109238e-01
  -1.3616809e-01   1.7430074e-01
  -1.3615760e-01  -1.5505529e-01
  -1.3614968e-01  -8.9114201e-02
  -1.3614887e-01   1.0843939e-01
  -1.3614481e-01  -2.3238834e-02
  -1.3614348e-01   4.2602123e-02
  -1.3580525e-01  -8.2313639e-01
  -1.3396863e-01  -8.8934213e-01
  -1.3363209e-01   8.9414009e-01
  -1.3131675e-01  -9.5696860e-01
  -1.2181268e-01   9.9255311e-01
  -1.1929173e-01   6.6825284e-01
  -1.1928021e-01   7.3324300e-01
  -1.1882932e-01   6.0281324e-01
  -1.1827940e-01   5.3706468e-01
  -1.1807295e-01   7.9748599e-01
  -1.1782903e-01   4.7114128e-01
  -1.1751847e-01   4.0514044e-01
  -1.1732610e-01   3.3913243e-01
  -1.1724824e-01  -7.2239117e-01
  -1.1723017e-01  -6.5475718e-01
  -1.1721659e-01   2.7315873e-01
  -1.1720596e-01  -5.8735469e-01
  -1.1719153e-01  -5.2024132e-01
  -1.1717936e-01  -4.5339792e-01
  -1.1716578e-01  -3.8679100e-01
  -1.1715946e-01   2.0723564e-01
  -1.1715139e-01  -3.2038650e-01
  -1.1713857e-01  -2.5415178e-01
  -1.1713284e-01   1.4136063e-01
  -1.1712934e-01  -1.8805672e-01
  -1.1712378e-01  -1.2207226e-01
  -1.1712249e-01   7.5518207e-02
  -1.1712081e-01  -5.6168704e-02
  -1.1711992e-01   9.6846003e-03
  -1.1696149e-01  -7.8983242e-01
  -1.1582353e-01   8.6223762e-01
  -1.1578630e-01  -8.5691072e-01
  -1.1512358e-01  -9.9335118e-01
  -1.1455193e-01   9.2847018e-01
  -1.1385798e-01  -9.2460890e-01
  -9.9886171e-02   7.0051286e-01
  -9.9721623e-02   6.3532854e-01
  -9.9290969e-02   5.6978716e-01
  -9.9263383e-02   7.6520652e-01
  -9.8865158e-02   5.0399613e-01
  -9.8648589e-02   9.6275774e-01
  -9.8546866e-02   4.3806691e-01
  -9.8340617e-02   3.7208606e-01
  -9.8262280e-02  -6.8862273e-01
  -9.8228176e-02  -6.2106264e-01
  -9.8219256e-02   3.0611221e-01
  -9.8186920e-02  -5.5378064e-01
  -9.8156930e-02  -4.8679174e-01
  -9.8153769e-02   2.4017619e-01
  -9.8135381e-02  -4.2006501e-01
  -9.8121691e-02   1.7428619e-01
  -9.8119363e-02  -3.5356196e-01
  -9.8115154e-02  -7.5626277e-01
  -9.8108070e-02  -2.8724656e-01
  -9.8107712e-02   1.0843423e-01
  -9.8102272e-02   4.2601525e-02
  -9.8101484e-02  -2.2108625e-01
  -9.8100075e-02  -2.3237362e-02
  -9.8098963e-02  -1.5505106e-01
  -9.8098954e-02  -8.9111457e-02
  -9.7699389e-02   8.3012615e-01
  -9.7402632e-02  -8.2386456e-01
  -9.5956290e-02   8.9623186e-01
  -9.5918884e-02  -8.9189871e-01
  -9.4389041e-02  -9.6092473e-01
  -8.2022068e-02   9.9663051e-01
  -8.0432087e-02   6.6774414e-01
  -8.0196358e-02   6.0241555e-01
  -8.0191516e-02   7.3272024e-01
  -7.9845466e-02   5.3679116e-01
  -7.9545611e-02   4.7096227e-01
  -7.9339700e-02   4.0502859e-01
  -7.9277900e-02  -6.5484318e-01
  -7.9243787e-02  -7.2252360e-01
  -7.9227621e-02   7.9778696e-01
  -7.9214803e-02   3.3906640e-01
  -7.9213669e-02  -5.8739398e-01
  -7.9154617e-02  -5.2024969e-01
  -7.9146070e-02   2.7312262e-01
  -7.9114530e-02  -4.5339299e-01
  -7.9111856e-02   2.0721791e-01
  -7.9096528e-02   1.4135318e-01
  -7.9090291e-02  -3.8678329e-01
  -7.9089902e-02   7.5515735e-02
  -7.9085996e-02   9.6840742e-03
  -7.9081979e-02  -5.6168550e-02
  -7.9077411e-02  -3.2037994e-01
  -7.9077392e-02  -1.2207143e-01
  -7.9073514e-02  -1.8805453e-01
  -7.9072666e-02  -2.5414749e-01
  -7.8863271e-02  -7.9038254e-01
  -7.7870544e-02  -8.5865956e-01
  -7.7809566e-02   8.6374672e-01
  -7.7310738e-02   9.3092070e-01
  -7.7115573e-02  -9.9702216e-01
  -7.6386815e-02  -9.2768491e-01
  -6.0966126e-02   6.3495848e-01
  -6.0942025e-02   7.0011157e-01
  -6.0742222e-02   5.6951583e-01
  -6.0495961e-02   5.0381773e-01
  -6.0434829e-02   7.6527074e-01
  -6.0329852e-02  -6.8868669e-01
  -6.0310628e-02   4.3795463e-01
  -6.0273868e-02  -6.2107370e-01
  -6.0194402e-02   3.7201876e-01
  -6.0190160e-02  -7.5661089e-01
  -6.0180229e-02  -5.5376928e-01
  -6.0169147e-02   9.6536671e-01
  -6.0130138e-02   3.0607471e-01
  -6.0109339e-02  -4.8677502e-01
  -6.0098839e-02   2.4015728e-01
  -6.0085629e-02   1.7427781e-01
  -6.0080325e-02   1.0843087e-01
  -6.0076653e-02   4.2599806e-02
  -6.0071363e-02  -2.3239086e-02
  -6.0067175e-02  -4.2005171e-01
  -6.0063554e-02  -8.9113485e-02
  -6.0054211e-02  -1.5505273e-01
  -6.0047198e-02  -3.5355428e-01
  -6.0045830e-02  -2.2108632e-01
  -6.0042001e-02  -2.8724352e-01
  -5.9623776e-02  -8.2499126e-01
  -5.9476652e-02   8.3108323e-01
  -5.8564163e-02   8.9806863e-01
  -5.8450708e-02  -8.9405554e-01
  -5.7139117e-02  -9.6371067e-01
  -4.2367468e-02   9.9910210e-01
  -4.1589923e-02   6.6744861e-01
  -4.1531850e-02   6.0217115e-01
  -4.1397326e-02  -7.2266583e-01
  -4.1382199e-02   7.3265140e-01
  -4.1375836e-02   5.3662502e-01
  -4.1362724e-02  -6.5481422e-01
  -4.1239913e-02  -5.8734326e-01
  -4.1237712e-02   4.7085820e-01
  -4.1168698e-02  -7.9101297e-01
  -4.1147112e-02   4.0496626e-01
  -4.1126892e-02  -5.2020728e-01
  -4.1098238e-02   3.3903176e-01
  -4.1077080e-02   2.7310545e-01
  -4.1070926e-02   2.0721061e-01
  -4.1070465e-02   1.4135038e-01
  -4.1069677e-02   7.5513952e-02
  -4.1065242e-02   9.6814257e-03
  -4.1056012e-02  -5.6172622e-02
  -4.1054511e-02  -4.5336624e-01
  -4.1042672e-02  -1.2207643e-01
  -4.1027562e-02  -1.8805910e-01
  -4.1019111e-02  -3.8677047e-01
  -4.1014586e-02  -2.5414957e-01
  -4.1009244e-02  -3.2037660e-01
  -4.0847771e-02   7.9829898e-01
  -4.0439001e-02  -8.6002572e-01
  -4.0160917e-02   8.6495728e-01
  -4.0006406e-02   9.3261730e-01
  -3.9084061e-02  -9.2969532e-01
  -3.8773836e-02  -9.9924801e-01
  -2.2519838e-02  -7.5684130e-01
  -2.2494461e-02  -6.8864503e-01
  -2.2338290e-02  -6.2096365e-01
  -2.2205510e-02   6.3477421e-01
  -2.2203422e-02  -8.2569900e-01
  -2.2174412e-02  -5.5368136e-01
  -2.2164908e-02   5.6938223e-01
  -2.2144373e-02   7.0000531e-01
  -2.2102505e-02   5.0373376e-01
  -2.2062199e-02   1.0843054e-01
  -2.2061353e-02   4.2597468e-02
  -2.2059577e-02   4.3790551e-01
  -2.2057870e-02  -4.8672223e-01
  -2.2056594e-02   1.7427758e-01
  -2.2052968e-02  -2.3244145e-02
  -2.2047445e-02   2.4015385e-01
  -2.2040901e-02   3.7199275e-01
  -2.2039784e-02   3.0606324e-01
  -2.2037564e-02  -8.9120935e-02
  -2.2017231e-02  -1.5506131e-01
  -2.1995943e-02  -4.2002723e-01
  -2.1995750e-02  -2.2109387e-01
  -2.1978860e-02  -2.8724666e-01
  -2.1974891e-02  -3.5354770e-01
  -2.1922237e-02   7.6547610e-01
  -2.1837917e-02   9.6676139e-01
  -2.1576548e-02   8.3175094e-01
  -2.1279597e-02   8.9913255e-01
  -2.1234497e-02  -8.9527398e-01
  -1.9627122e-02  -9.6518640e-01
  -3.7154737e-03  -7.9118844e-01
  -3.6969112e-03  -7.2258625e-01
  -3.4902325e-03  -6.5463493e-01
  -3.2597360e-03  -5.8718570e-01
  -3.2421682e-03  -8.6053861e-01
  -3.0835268e-03  -5.2011051e-01
  -3.0570128e-03   7.5513492e-02
  -3.0522575e-03   9.6766952e-03
  -3.0508108e-03   1.4135349e-01
  -3.0371649e-03  -5.6181397e-02
  -3.0342545e-03   2.0721561e-01
  -3.0136576e-03  -1.2208813e-01
  -3.0092003e-03   2.7310958e-01
  -2.9852161e-03  -1.8807169e-01
  -2.9813325e-03  -4.5332002e-01
  -2.9787362e-03   3.3903126e-01
  -2.9573203e-03  -2.5415972e-01
  -2.9466804e-03   4.0495647e-01
  -2.9401669e-03  -3.8675590e-01
  -2.9381890e-03  -3.2037893e-01
  -2.9160934e-03   4.7083348e-01
  -2.8866640e-03   5.3657950e-01
  -2.8525047e-03   6.0209752e-01
  -2.8062969e-03   6.6738638e-01
  -2.7534270e-03   9.9999621e-01
  -2.7501551e-03   7.3270416e-01
  -2.6970963e-03   7.9857099e-01
  -2.6596064e-03   8.6545779e-01
  -2.6535770e-03   9.3327185e-01
  -1.8368367e-03  -9.3047575e-01
  -1.6072081e-04  -9.9999999e-01
   1.5012557e-02  -7.5661020e-01
   1.5043073e-02  -8.2561977e-01
   1.5281608e-02  -6.8835255e-01
   1.5603170e-02  -6.2071035e-01
   1.5854419e-02  -8.9536594e-01
   1.5861138e-02  -5.5351741e-01
   1.5948646e-02   4.2594665e-02
   1.5950910e-02   1.0843391e-01
   1.5960598e-02  -2.3252867e-02
   1.5968492e-02   1.7428668e-01
   1.5978250e-02   8.9922462e-01
   1.5984789e-02  -8.9134563e-02
   1.6001837e-02   2.4016752e-01
   1.6018005e-02  -1.5507797e-01
   1.6020497e-02  -4.8664015e-01
   1.6050950e-02   3.0607974e-01
   1.6055242e-02  -2.2111053e-01
   1.6088907e-02  -2.8725841e-01
   1.6093195e-02  -4.1999756e-01
   1.6107460e-02  -3.5354613e-01
   1.6115887e-02   3.7201009e-01
   1.6197856e-02   4.3792207e-01
   1.6223697e-02   8.3183155e-01
   1.6299814e-02   5.0374955e-01
   1.6422836e-02   5.6940031e-01
   1.6464374e-02   9.6686369e-01
   1.6475508e-02   7.6554109e-01
   1.6541380e-02   6.3480191e-01
   1.6584249e-02   7.0005067e-01
   1.8059157e-02  -9.6529451e-01
   3.3642021e-02  -7.9065023e-01
   3.3841584e-02  -8.6002375e-01
   3.3958952e-02  -7.2208322e-01
   3.4395200e-02  -6.5423612e-01
   3.4699362e-02   9.3281068e-01
   3.4764983e-02  -5.8692597e-01
   3.4837773e-02   8.6513086e-01
   3.4952636e-02   7.5514543e-02
   3.4958122e-02   9.6696502e-03
   3.4966028e-02   1.4136313e-01
   3.4980107e-02  -5.6195504e-02
   3.5000382e-02   2.0723390e-01
   3.5004579e-02  -5.1997426e-01
   3.5015454e-02  -1.2210757e-01
   3.5057901e-02   2.7313631e-01
   3.5059629e-02  -1.8809374e-01
   3.5105855e-02  -2.5418010e-01
   3.5123238e-02  -4.5326558e-01
   3.5141445e-02   3.3906630e-01
   3.5143890e-02  -3.2039050e-01
   3.5157899e-02  -3.8674589e-01
   3.5255557e-02   4.0500060e-01
   3.5368744e-02  -9.2997351e-01
   3.5407290e-02   4.7089032e-01
   3.5446882e-02   7.9844540e-01
   3.5602134e-02   5.3665754e-01
   3.5821829e-02   6.0221410e-01
   3.5872109e-02   7.3276099e-01
   3.5967843e-02   6.6751881e-01
   3.6864930e-02   9.9932026e-01
   3.8642685e-02  -9.9925309e-01
   5.2233932e-02  -8.2462398e-01
   5.2536556e-02  -7.5576886e-01
   5.2861507e-02  -8.9427498e-01
   5.3097972e-02  -6.8772448e-01
   5.3257484e-02   8.9834540e-01
   5.3613329e-02  -6.2031011e-01
   5.3958110e-02   4.2591194e-02
   5.3962994e-02   1.0844113e-01
   5.3964013e-02  -5.5330422e-01
   5.3974596e-02  -2.3265798e-02
   5.3992486e-02   1.7430556e-01
   5.4009074e-02  -8.9155258e-02
   5.4050286e-02   2.4019900e-01
   5.4057311e-02  -1.5510397e-01
   5.4113060e-02   8.3132467e-01
   5.4113317e-02  -2.2113813e-01
   5.4141200e-02   3.0612506e-01
   5.4147892e-02  -4.8654889e-01
   5.4168216e-02  -2.8728170e-01
   5.4208537e-02  -3.5355490e-01
   5.4213016e-02  -4.1997314e-01
   5.4272074e-02   3.7207154e-01
   5.4452965e-02   4.3800485e-01
   5.4695400e-02   5.0386510e-01
   5.4798794e-02   9.6567414e-01
   5.4970638e-02   7.6546221e-01
   5.4995549e-02   5.6956923e-01
   5.5287190e-02   6.3503780e-01
   5.5361127e-02   7.0024193e-01
   5.5837508e-02  -9.6401776e-01
   7.0885782e-02  -8.5844618e-01
   7.1027389e-02  -7.8934086e-01
   7.1698291e-02  -7.2111972e-01
   7.2003772e-02   9.3130809e-01
   7.2390450e-02  -6.5362926e-01
   7.2473629e-02   8.6409457e-01
   7.2505085e-02  -9.2819299e-01
   7.2889990e-02  -5.8660389e-01
   7.2963567e-02   7.5516857e-02
   7.2970816e-02   9.6597726e-03
   7.2983412e-02   1.4137929e-01
   7.3001111e-02  -5.6215750e-02
   7.3035021e-02   2.0726567e-01
   7.3050221e-02  -1.2213587e-01
   7.3112767e-02  -1.8812684e-01
   7.3124459e-02   2.7318592e-01
   7.3164648e-02  -5.1983210e-01
   7.3181103e-02  -2.5421310e-01
   7.3243952e-02  -3.2041539e-01
   7.3260086e-02   3.3913713e-01
   7.3273054e-02  -4.5321975e-01
   7.3283996e-02  -3.8674854e-01
   7.3453753e-02   4.0509862e-01
   7.3720873e-02   4.7102713e-01
   7.3804224e-02   7.9807622e-01
   7.4071226e-02   5.3685551e-01
   7.4472803e-02   6.0249805e-01
   7.4649983e-02   7.3292936e-01
   7.4782002e-02   6.6787501e-01
   7.6533028e-02   9.9706705e-01
   7.7561025e-02  -9.9698761e-01
   8.9472100e-02  -8.2273150e-01
   8.9808091e-02  -8.9202285e-01
   9.0190539e-02  -7.5435775e-01
   9.0637842e-02   8.9669492e-01
   9.1081254e-02  -6.8682929e-01
   9.1772723e-02  -6.1983617e-01
   9.1971555e-02   4.2586497e-02
   9.1977806e-02   1.0845181e-01
   9.1994032e-02  -2.3283713e-02
   9.2018034e-02   1.7433397e-01
   9.2040598e-02  -8.9184051e-02
   9.2099026e-02   2.4024809e-01
   9.2106195e-02  -1.5514069e-01
   9.2170743e-02  -5.5309398e-01
   9.2184171e-02  -2.2117862e-01
   9.2230037e-02   3.0619892e-01
   9.2265060e-02  -2.8731964e-01
   9.2310797e-02   8.3052723e-01
   9.2334951e-02  -3.5357977e-01
   9.2338718e-02  -4.8647427e-01
   9.2371982e-02  -4.1996611e-01
   9.2423888e-02   3.7217665e-01
   9.2697878e-02   4.3815239e-01
   9.3069822e-02   5.0407527e-01
   9.3283286e-02   9.6327222e-01
   9.3536695e-02   5.6987338e-01
   9.3648051e-02  -9.6136777e-01
   9.3759035e-02   7.6551335e-01
   9.4015845e-02   6.3545261e-01
   9.4262458e-02   7.0071297e-01
   1.0796651e-01  -8.5587776e-01
   1.0858032e-01  -7.8737512e-01
   1.0924379e-01   9.2905240e-01
   1.0953135e-01  -9.2519174e-01
   1.0967149e-01  -7.1984753e-01
   1.1046292e-01   8.6276177e-01
   1.1060169e-01  -6.5295316e-01
   1.1097982e-01   7.5519759e-02
   1.1099048e-01   9.6462592e-03
   1.1100447e-01   1.4140136e-01
   1.1103088e-01  -5.6243119e-02
   1.1107150e-01   2.0731031e-01
   1.1109590e-01  -1.2217426e-01
   1.1116373e-01  -5.8630633e-01
   1.1117958e-01  -1.8817261e-01
   1.1119059e-01   2.7325774e-01
   1.1127388e-01  -2.5426109e-01
   1.1136747e-01  -3.2045769e-01
   1.1137496e-01   3.3924283e-01
   1.1141149e-01  -5.1972132e-01
   1.1144368e-01  -3.8677189e-01
   1.1147508e-01  -4.5319999e-01
   1.1164253e-01   4.0524902e-01
   1.1201498e-01   4.7124026e-01
   1.1250624e-01   5.3715987e-01
   1.1260361e-01   7.9790972e-01
   1.1308600e-01   6.0293047e-01
   1.1359830e-01   6.6843502e-01
   1.1368067e-01   7.3353187e-01
   1.1634819e-01   9.9320849e-01
   1.1654191e-01  -9.9318578e-01
   1.2672950e-01  -8.8871605e-01
   1.2689491e-01  -8.2011584e-01
   1.2814781e-01  -7.5261876e-01
   1.2829368e-01   8.9479327e-01
   1.2936456e-01  -6.8589834e-01
   1.2999323e-01   4.2579671e-02
   1.2999885e-01   1.0846508e-01
   1.3002363e-01  -2.3307608e-02
   1.3004756e-01   1.7437100e-01
   1.3008436e-01  -8.9222109e-02
   1.3014159e-01  -6.1943481e-01
   1.3014901e-01   2.4031374e-01
   1.3016979e-01  -1.5518956e-01
   1.3027295e-01  -2.2123392e-01
   1.3031647e-01   3.0630004e-01
   1.3038438e-01  -2.8737517e-01
   1.3049109e-01  -3.5362609e-01
   1.3049402e-01  -5.5294136e-01
   1.3056773e-01   3.7232354e-01
   1.3057350e-01  -4.1998721e-01
   1.3059714e-01  -4.8644012e-01
   1.3092574e-01   4.3836162e-01
   1.3108469e-01   8.3001791e-01
   1.3141339e-01   5.0437219e-01
   1.3147976e-01  -9.5738720e-01
   1.3203109e-01   5.7029329e-01
   1.3226701e-01   9.5990989e-01
   1.3270566e-01   6.3603869e-01
   1.3298386e-01   7.6632094e-01
   1.3318566e-01   7.0144703e-01
   1.4521280e-01  -8.5253601e-01
   1.4641757e-01  -9.2111104e-01
   1.4643759e-01   9.2674071e-01
   1.4650000e-01  -7.8508113e-01
   1.4804501e-01  -7.1860860e-01
   1.4900519e-01   7.5522163e-02
   1.4902148e-01   9.6280349e-03
   1.4903209e-01   1.4142817e-01
   1.4907413e-01  -5.6278765e-02
   1.4908435e-01   8.6171521e-01
   1.4910217e-01  -6.5244160e-01
   1.4911147e-01   2.0736649e-01
   1.4915738e-01  -1.2222408e-01
   1.4925627e-01   2.7335011e-01
   1.4926500e-01  -1.8823269e-01
   1.4938889e-01  -2.5432632e-01
   1.4948390e-01   3.3938126e-01
   1.4951845e-01  -3.2052100e-01
   1.4959007e-01  -5.8611168e-01
   1.4963939e-01  -3.8682264e-01
   1.4972910e-01  -4.5321979e-01
   1.4974364e-01  -5.1967428e-01
   1.4981692e-01   4.0544853e-01
   1.5028217e-01   4.7152426e-01
   1.5089784e-01   5.3756067e-01
   1.5163842e-01   6.0349030e-01
   1.5211264e-01   7.9909971e-01
   1.5237324e-01   6.6921588e-01
   1.5273175e-01   7.3450137e-01
   1.5557528e-01  -9.8782404e-01
   1.5657212e-01   9.8766653e-01
   1.6372383e-01  -8.8461281e-01
   1.6472903e-01  -8.1718380e-01
   1.6634267e-01   8.9292071e-01
   1.6661976e-01  -7.5101456e-01
   1.6802711e-01   4.2569486e-02
   1.6802938e-01   1.0847957e-01
   1.6804198e-01  -6.8528902e-01
   1.6806780e-01  -2.3338685e-02
   1.6808326e-01   1.7441505e-01
   1.6814500e-01  -8.9270712e-02
   1.6820100e-01   2.4039405e-01
   1.6825281e-01  -1.5525206e-01
   1.6838421e-01  -2.2130587e-01
   1.6839943e-01   3.0642599e-01
   1.6853014e-01  -2.8745087e-01
   1.6867937e-01  -3.5369803e-01
   1.6870025e-01   3.7250894e-01
   1.6870378e-01  -6.1920853e-01
   1.6881695e-01  -4.2004439e-01
   1.6891675e-01  -4.8646274e-01
   1.6892165e-01  -5.5288927e-01
   1.6913053e-01   4.3862740e-01
   1.6943165e-01  -9.5217118e-01
   1.6971823e-01   5.0474953e-01
   1.7046764e-01   5.7082150e-01
   1.7099640e-01   8.3195517e-01
   1.7131237e-01   6.3677217e-01
   1.7205358e-01   7.0249796e-01
   1.7217083e-01   7.6763731e-01
   1.7268480e-01   9.5613235e-01
   1.8287163e-01  -8.4890103e-01
   1.8290316e-01   9.2394050e-01
   1.8318381e-01  -9.1627922e-01
   1.8505451e-01  -7.8303896e-01
   1.8695504e-01  -7.1794438e-01
   1.8704320e-01   7.5522598e-02
   1.8706791e-01   9.6037780e-03
   1.8706893e-01   1.4145799e-01
   1.8713524e-01  -5.6323981e-02
   1.8715633e-01   2.0743210e-01
   1.8723916e-01  -1.2228671e-01
   1.8732133e-01   2.7346044e-01
   1.8737342e-01  -1.8830870e-01
   1.8753013e-01  -2.5441080e-01
   1.8758477e-01   3.3954896e-01
   1.8769968e-01  -3.2060813e-01
   1.8783805e-01  -6.5220992e-01
   1.8787114e-01  -3.8690534e-01
   1.8797252e-01   4.0569247e-01
   1.8802969e-01  -4.5328820e-01
   1.8813931e-01  -5.8607303e-01
   1.8814438e-01  -5.1970936e-01
   1.8851511e-01   4.7187253e-01
   1.8923650e-01   5.3805402e-01
   1.8950233e-01   8.6514623e-01
   1.9011338e-01   6.0417664e-01
   1.9102132e-01   6.7017484e-01
   1.9139938e-01   8.0094526e-01
   1.9169146e-01   7.3595976e-01
   1.9472862e-01  -9.8085716e-01
   1.9786096e-01   9.8023010e-01
   2.0101856e-01  -8.8027902e-01
   2.0329771e-01  -8.1459475e-01
   2.0583132e-01  -7.5038810e-01
   2.0607241e-01   1.0849347e-01
   2.0607690e-01   4.2554417e-02
   2.0612710e-01   1.7446391e-01
   2.0613063e-01  -2.3378316e-02
   2.0622676e-01  -8.9331227e-02
   2.0625557e-01   2.4048624e-01
   2.0635948e-01  -1.5532968e-01
   2.0647780e-01   3.0657326e-01
   2.0652195e-01  -2.2139616e-01
   2.0670547e-01  -2.8754881e-01
   2.0677770e-01   8.9960078e-01
   2.0681828e-01   3.7272807e-01
   2.0690085e-01  -3.5379848e-01
   2.0699191e-01  -6.8509871e-01
   2.0709867e-01  -4.2014220e-01
   2.0728492e-01  -4.8655186e-01
   2.0730663e-01   4.3894377e-01
   2.0740451e-01  -6.1921764e-01
   2.0742096e-01  -5.5295495e-01
   2.0787575e-01  -9.4596187e-01
   2.0797441e-01   5.0520029e-01
   2.0883296e-01   5.7146068e-01
   2.0981107e-01   6.3765902e-01
   2.1021836e-01   8.3462564e-01
   2.1070703e-01   7.0376224e-01
   2.1119588e-01   7.6975488e-01
   2.1291125e-01   9.4113809e-01
   2.1992429e-01  -9.1143296e-01
   2.2127346e-01  -8.4559017e-01
   2.2465315e-01  -7.8263156e-01
   2.2509711e-01   7.5519238e-02
   2.2511741e-01   1.4148855e-01
   2.2513351e-01   9.5719612e-03
   2.2520730e-01   2.0750429e-01
   2.2521820e-01  -5.6380163e-02
   2.2534525e-01  -1.2236358e-01
   2.2538546e-01   2.7358509e-01
   2.2550877e-01  -1.8840218e-01
   2.2567555e-01   3.3974124e-01
   2.2570097e-01  -2.5451626e-01
   2.2591304e-01  -3.2072104e-01
   2.2610497e-01   4.0597454e-01
   2.2613743e-01  -3.8702263e-01
   2.2615594e-01  -7.1786658e-01
   2.2636782e-01  -4.5340907e-01
   2.2659099e-01  -5.1983578e-01
   2.2670632e-01   4.7227849e-01
   2.2672287e-01  -6.5232350e-01
   2.2675531e-01  -5.8619945e-01
   2.2750713e-01   5.3863295e-01
   2.2807899e-01   8.6916969e-01
   2.2849249e-01   6.0500254e-01
   2.2951182e-01   6.7131875e-01
   2.3026293e-01   7.3764902e-01
   2.3039407e-01   8.0420574e-01
   2.3425018e-01  -9.7217635e-01
   2.3471868e-01   9.7206334e-01
   2.3875529e-01  -8.7601482e-01
   2.4084135e-01   9.0657188e-01
   2.4338184e-01  -8.1476330e-01
   2.4413071e-01   1.0850454e-01
   2.4414599e-01   4.2532686e-02
   2.4418083e-01   1.7451473e-01
   2.4421584e-01  -2.3427989e-02
   2.4431313e-01   2.4058672e-01
   2.4433344e-01  -8.9405047e-02
   2.4449356e-01  -1.5542388e-01
   2.4455042e-01   3.0673711e-01
   2.4468960e-01  -2.2150638e-01
   2.4491292e-01  -2.8767060e-01
   2.4491884e-01   3.7297480e-01
   2.4515565e-01  -3.5392894e-01
   2.4530142e-01  -7.5052102e-01
   2.4541360e-01  -4.2028254e-01
   2.4544796e-01   4.3930275e-01
   2.4568506e-01  -4.8670919e-01
   2.4595618e-01  -5.5314549e-01
   2.4609447e-01  -6.8540573e-01
   2.4615379e-01  -6.1945080e-01
   2.4617145e-01   5.0571766e-01
   2.4710338e-01   5.7220131e-01
   2.4782587e-01  -9.3925139e-01
   2.4818176e-01   6.3872705e-01
   2.4887028e-01   8.4001479e-01
   2.4912330e-01   7.0522933e-01
   2.4948426e-01   7.7204067e-01
   2.4957044e-01   9.3823795e-01
   2.5595496e-01  -9.0623452e-01
   2.6190345e-01  -8.4708287e-01
   2.6316993e-01   7.5509936e-02
   2.6317971e-01   1.4151706e-01
   2.6322174e-01   9.5309118e-03
   2.6326538e-01   2.0757951e-01
   2.6332657e-01  -5.6448719e-02
   2.6344826e-01   2.7371949e-01
   2.6347918e-01  -1.2245606e-01
   2.6367438e-01  -1.8851463e-01
   2.6375423e-01   3.3995194e-01
   2.6390427e-01  -2.5464416e-01
   2.6415995e-01  -3.2086095e-01
   2.6421014e-01   4.0628684e-01
   2.6435174e-01  -7.8310455e-01
   2.6443595e-01  -3.8717499e-01
   2.6473364e-01  -4.5358278e-01
   2.6484709e-01   4.7273160e-01
   2.6505658e-01  -5.2005061e-01
   2.6507632e-01   8.7874491e-01
   2.6538691e-01  -5.8649514e-01
   2.6550724e-01  -7.1850608e-01
   2.6561641e-01  -6.5272972e-01
   2.6569537e-01   5.3928979e-01
   2.6673958e-01   6.0594689e-01
   2.6783853e-01   6.7269925e-01
   2.6794987e-01   8.0727997e-01
   2.6847395e-01   7.3948726e-01
   2.7359613e-01   9.6184466e-01
   2.7479795e-01  -9.6150200e-01
   2.7942721e-01  -8.8062756e-01
   2.8041394e-01   9.1794816e-01
   2.8220682e-01   1.0851015e-01
   2.8223756e-01   4.2502312e-02
   2.8224600e-01   1.7456407e-01
   2.8232679e-01  -2.3489212e-02
   2.8237388e-01   2.4069102e-01
   2.8246836e-01  -8.9493477e-02
   2.8261616e-01   3.0691170e-01
   2.8265818e-01  -1.5553601e-01
   2.8289008e-01  -2.2163795e-01
   2.8299905e-01   3.7324096e-01
   2.8309500e-01  -8.1576127e-01
   2.8315457e-01  -2.8781741e-01
   2.8344370e-01  -3.5408981e-01
   2.8354902e-01   4.3969385e-01
   2.8375609e-01  -4.2046391e-01
   2.8410124e-01  -4.8693247e-01
   2.8429696e-01   5.0628602e-01
   2.8448656e-01  -5.5344920e-01
   2.8480676e-01   8.4370335e-01
   2.8488460e-01  -6.1991260e-01
   2.8491777e-01  -7.5172026e-01
   2.8512925e-01  -6.8607707e-01
   2.8526161e-01   5.7303235e-01
   2.8637169e-01   6.3992116e-01
   2.8698072e-01  -9.2135444e-01
   2.8725170e-01   7.7417148e-01
   2.8735657e-01   7.0699813e-01
   3.0024270e-01   8.7932298e-01
   3.0092401e-01  -8.4894860e-01
   3.0125785e-01   1.4154028e-01
   3.0126447e-01   7.5492263e-02
   3.0133139e-01   2.0765352e-01
   3.0133578e-01   9.4788933e-03
   3.0146352e-01  -5.6530938e-02
   3.0150923e-01   2.7385807e-01
   3.0164390e-01  -1.2256535e-01
   3.0181915e-01   3.4017346e-01
   3.0187301e-01  -1.8864733e-01
   3.0214242e-01  -2.5479582e-01
   3.0228430e-01   4.0661802e-01
   3.0244159e-01  -3.2102841e-01
   3.0276472e-01  -3.8736133e-01
   3.0293062e-01   4.7321705e-01
   3.0311708e-01  -4.5380421e-01
   3.0351810e-01  -5.2034776e-01
   3.0378456e-01   5.3999763e-01
   3.0397409e-01  -5.8693243e-01
   3.0418856e-01  -7.8527188e-01
   3.0444026e-01  -6.5344760e-01
   3.0464746e-01  -7.1956663e-01
   3.0484049e-01   6.0699096e-01
   3.0495568e-01   8.0913506e-01
   3.0592779e-01   6.7417589e-01
   3.0657026e-01   7.4168849e-01
   3.0683018e-01   9.5176428e-01
   3.1098813e-01  -9.5041380e-01
   3.1382431e-01  -8.8478434e-01
   3.1499129e-01   9.1240417e-01
   3.2030312e-01   1.0850727e-01
   3.2032394e-01   1.7460794e-01
   3.2035454e-01   4.2461171e-02
   3.2043793e-01   2.4079402e-01
   3.2046655e-01  -2.3563382e-02
   3.2063431e-01  -8.9597538e-02
   3.2067404e-01   3.0708997e-01
   3.2085584e-01  -1.5566714e-01
   3.2105711e-01   3.7351624e-01
   3.2112567e-01  -2.2179213e-01
   3.2143228e-01  -2.8799028e-01
   3.2153057e-01   8.4308439e-01
   3.2160536e-01   4.4010022e-01
   3.2176512e-01  -3.5428040e-01
   3.2212192e-01  -4.2068261e-01
   3.2234410e-01   5.0688277e-01
   3.2251766e-01  -4.8721016e-01
   3.2287027e-01  -8.1971652e-01
   3.2298156e-01  -5.5385521e-01
   3.2306471e-01  -9.1572637e-01
   3.2328720e-01   5.7390310e-01
   3.2350807e-01  -6.2054458e-01
   3.2402385e-01  -6.8718590e-01
   3.2404514e-01  -7.5333081e-01
   3.2438784e-01   6.4121231e-01
   3.2527638e-01   7.7672870e-01
   3.2530638e-01   7.0872994e-01
   3.3702665e-01   8.7491807e-01
   3.3917747e-01  -8.5657206e-01
   3.3935366e-01   1.4155446e-01
   3.3938340e-01   7.5463542e-02
   3.3940593e-01   2.0772150e-01
   3.3947858e-01   9.4142258e-03
   3.3956791e-01   2.7399459e-01
   3.3963180e-01  -5.6627782e-02
   3.3984169e-01  -1.2269216e-01
   3.3986934e-01   3.4039637e-01
   3.4010663e-01  -1.8880127e-01
   3.4032616e-01   4.0695332e-01
   3.4041725e-01  -2.5497236e-01
   3.4075937e-01  -3.2122386e-01
   3.4095242e-01   4.7370806e-01
   3.4112276e-01  -3.8757853e-01
   3.4135827e-01   9.3993326e-01
   3.4151155e-01  -4.5406522e-01
   3.4177167e-01   5.4072107e-01
   3.4195233e-01  -5.2070402e-01
   3.4248077e-01  -5.8749594e-01
   3.4277255e-01   6.0803704e-01
   3.4297133e-01  -7.8760586e-01
   3.4305758e-01  -6.5435339e-01
   3.4354511e-01   8.1170578e-01
   3.4356234e-01  -7.2127418e-01
   3.4385173e-01   6.7572530e-01
   3.4439300e-01   7.4349056e-01
   3.4914107e-01  -9.3707018e-01
   3.5063947e-01   9.0463412e-01
   3.5364989e-01  -8.9386025e-01
   3.5841581e-01   1.7464179e-01
   3.5842188e-01   1.0849250e-01
   3.5849981e-01   4.2407102e-02
   3.5850515e-01   2.4088996e-01
   3.5863792e-01  -2.3651581e-02
   3.5872364e-01   3.0726413e-01
   3.5883356e-01  -8.9717678e-02
   3.5908823e-01  -1.5581769e-01
   3.5909290e-01   3.7378726e-01
   3.5939788e-01  -2.2196978e-01
   3.5961767e-01   4.4049982e-01
   3.5974754e-01  -2.8819009e-01
   3.6012124e-01  -3.5450002e-01
   3.6030995e-01   5.0746378e-01
   3.6040532e-01  -8.2275891e-01
   3.6050901e-01  -4.2093095e-01
   3.6092589e-01  -4.8752689e-01
   3.6118972e-01   5.7476067e-01
   3.6140820e-01  -5.5431828e-01
   3.6149011e-01   8.4664970e-01
   3.6199071e-01  -6.2133078e-01
   3.6220428e-01   6.4241582e-01
   3.6255381e-01  -6.8845608e-01
   3.6288095e-01  -7.5595511e-01
   3.6315178e-01   7.7810729e-01
   3.6320129e-01   7.1050677e-01
   3.7600440e-01  -8.5700383e-01
   3.7746883e-01   1.4155535e-01
   3.7747011e-01   9.2602177e-01
   3.7748933e-01   2.0777811e-01
   3.7752940e-01   7.5420918e-02
   3.7762380e-01   2.7412227e-01
   3.7765311e-01   9.3354902e-03
   3.7783389e-01  -5.6739585e-02
   3.7790559e-01   3.4061060e-01
   3.7807417e-01  -1.2283640e-01
   3.7833783e-01   4.0727264e-01
   3.7837628e-01  -1.8897656e-01
   3.7862693e-01   8.8258240e-01
   3.7872986e-01  -2.5517460e-01
   3.7891804e-01   4.7417137e-01
   3.7911480e-01  -3.2144772e-01
   3.7951205e-01  -3.8782381e-01
   3.7965777e-01   5.4138698e-01
   3.7991418e-01  -4.5434971e-01
   3.8035124e-01  -5.2109270e-01
   3.8057475e-01   6.0901926e-01
   3.8086037e-01  -5.8809655e-01
   3.8144337e-01   8.1225878e-01
   3.8146326e-01  -6.5544482e-01
   3.8155730e-01   6.7701158e-01
   3.8156696e-01  -7.9157336e-01
   3.8186516e-01  -7.2296751e-01
   3.8202712e-01  -9.2415111e-01
   3.8248959e-01   7.4544800e-01
   3.8936613e-01  -8.8832379e-01
   3.9652250e-01   1.7466043e-01
   3.9656541e-01   1.0846210e-01
   3.9657509e-01   2.4097280e-01
   3.9667637e-01   4.2338112e-02
   3.9676505e-01   3.0742611e-01
   3.9684372e-01  -2.3754248e-02
   3.9706798e-01  -8.9853386e-02
   3.9711026e-01   3.7404031e-01
   3.9735615e-01  -1.5598699e-01
   3.9759227e-01   4.4086137e-01
   3.9770707e-01  -2.2217075e-01
   3.9810127e-01  -2.8841772e-01
   3.9821003e-01   5.0798081e-01
   3.9851438e-01  -3.5474808e-01
   3.9869124e-01   8.4563890e-01
   3.9892157e-01  -4.2120247e-01
   3.9897495e-01   5.7548624e-01
   3.9932311e-01  -4.8785093e-01
   3.9961765e-01  -8.2775595e-01
   3.9976538e-01  -5.5479503e-01
   3.9991632e-01   6.4349216e-01
   4.0026539e-01  -6.2209036e-01
   4.0076125e-01  -7.5792117e-01
   4.0081877e-01  -6.8994384e-01
   4.0085062e-01   7.1172442e-01
   4.0176476e-01   7.8055827e-01
   4.0871717e-01   9.1266110e-01
   4.1380823e-01   8.7675050e-01
   4.1558139e-01   2.0781723e-01
   4.1560505e-01   1.4153815e-01
   4.1567619e-01   2.7423465e-01
   4.1570540e-01   7.5361589e-02
   4.1586250e-01   9.2419026e-03
   4.1593031e-01   3.4080609e-01
   4.1607212e-01  -5.6865624e-02
   4.1632903e-01   4.0755690e-01
   4.1634234e-01  -1.2299667e-01
   4.1668194e-01  -1.8917196e-01
   4.1684048e-01   4.7455823e-01
   4.1704668e-01  -8.6464705e-01
   4.1707998e-01  -2.5540208e-01
   4.1747625e-01   5.4193249e-01
   4.1750934e-01  -3.2170117e-01
   4.1777742e-01  -9.0854941e-01
   4.1793709e-01  -3.8809448e-01
   4.1824705e-01   6.0974877e-01
   4.1833451e-01  -4.5464527e-01
   4.1871369e-01  -5.2145288e-01
   4.1910925e-01  -7.9275420e-01
   4.1913521e-01  -5.8867022e-01
   4.1923661e-01   6.7815253e-01
   4.1955522e-01  -6.5634304e-01
   4.1998045e-01  -7.2491281e-01
   4.2010630e-01   7.4642458e-01
   4.2094157e-01   8.1613412e-01
   4.3464474e-01   1.7465792e-01
   4.3464637e-01   2.4103575e-01
   4.3473635e-01   1.0841226e-01
   4.3479881e-01   3.0756947e-01
   4.3488767e-01   4.2252810e-02
   4.3508690e-01  -2.3870655e-02
   4.3511642e-01   3.7426233e-01
   4.3533908e-01  -9.0002682e-02
   4.3554892e-01   4.4115921e-01
   4.3565954e-01  -1.5617283e-01
   4.3605240e-01  -2.2239317e-01
   4.3606554e-01   5.0835873e-01
   4.3649263e-01  -2.8867244e-01
   4.3651014e-01  -8.2660145e-01
   4.3670526e-01   5.7601640e-01
   4.3694806e-01  -3.5502650e-01
   4.3736845e-01  -4.2149048e-01
   4.3747304e-01   6.4413365e-01
   4.3773045e-01  -4.8816147e-01
   4.3805559e-01  -5.5516995e-01
   4.3841753e-01  -6.2274843e-01
   4.3861008e-01   7.1299921e-01
   4.3864063e-01  -6.9084358e-01
   4.3906756e-01  -7.6024126e-01
   4.3919697e-01   7.8088208e-01
   4.3993196e-01   8.5263410e-01
   4.4302859e-01   8.9650748e-01
   4.4867929e-01  -8.9369284e-01
   4.5220734e-01  -8.5750244e-01
   4.5368134e-01   2.0783179e-01
   4.5372279e-01   2.7432466e-01
   4.5376440e-01   1.4149787e-01
   4.5391500e-01   7.5283322e-02
   4.5394790e-01   3.4097733e-01
   4.5411045e-01   9.1339047e-03
   4.5431476e-01   4.0778878e-01
   4.5434889e-01  -5.7003417e-02
   4.5464654e-01  -1.2316979e-01
   4.5475533e-01   4.7483761e-01
   4.5502255e-01  -1.8938454e-01
   4.5525320e-01   5.4224256e-01
   4.5546586e-01  -2.5565218e-01
   4.5589849e-01   6.1020706e-01
   4.5594219e-01  -3.2198320e-01
   4.5640607e-01  -3.8839447e-01
   4.5665469e-01   6.7858090e-01
   4.5678919e-01  -4.5493788e-01
   4.5708465e-01  -5.2175522e-01
   4.5731056e-01  -5.8899948e-01
   4.5751204e-01  -7.2541020e-01
   4.5757042e-01  -6.5703380e-01
   4.5765623e-01   8.1441357e-01
   4.5819896e-01   7.4807271e-01
   4.5828565e-01  -7.9590886e-01
   4.7269754e-01   8.8122474e-01
   4.7271627e-01   2.4107076e-01
   4.7278349e-01   1.7462796e-01
   4.7282318e-01   3.0768754e-01
   4.7293814e-01   1.0833974e-01
   4.7312326e-01   3.7445089e-01
   4.7313800e-01   4.2151059e-02
   4.7337098e-01  -2.3998100e-02
   4.7351321e-01   4.4137057e-01
   4.7364807e-01  -9.0161244e-02
   4.7393621e-01   5.0856915e-01
   4.7399738e-01  -1.5637113e-01
   4.7439492e-01   5.7616743e-01
   4.7443198e-01  -2.2263337e-01
   4.7451716e-01   8.4510539e-01
   4.7491890e-01  -2.8895058e-01
   4.7507236e-01   6.4447607e-01
   4.7542252e-01  -3.5533398e-01
   4.7582684e-01   7.1298033e-01
   4.7586696e-01  -4.2180443e-01
   4.7617704e-01  -4.8843159e-01
   4.7625935e-01  -7.5968231e-01
   4.7637084e-01  -5.5541599e-01
   4.7643628e-01  -6.2289852e-01
   4.7658553e-01  -6.9148644e-01
   4.7788220e-01  -8.3207264e-01
   4.7822670e-01   7.8343894e-01
   4.8259708e-01  -8.7584249e-01
   4.9175890e-01   2.7438364e-01
   4.9178823e-01   2.0781424e-01
   4.9194981e-01   1.4143029e-01
   4.9195932e-01   3.4111891e-01
   4.9216284e-01   7.5185207e-02
   4.9231894e-01   4.0797459e-01
   4.9240165e-01   9.0140592e-03
   4.9266688e-01  -5.7147675e-02
   4.9270031e-01   4.7497956e-01
   4.9298624e-01  -1.2334985e-01
   4.9308628e-01   5.4231322e-01
   4.9339595e-01  -1.8960981e-01
   4.9348547e-01   6.1006487e-01
   4.9388483e-01  -2.5592042e-01
   4.9425714e-01   6.7881115e-01
   4.9441010e-01  -3.2228848e-01
   4.9479472e-01  -7.9283800e-01
   4.9492121e-01  -3.8872222e-01
   4.9510887e-01   7.4702172e-01
   4.9531234e-01  -4.5525226e-01
   4.9539233e-01  -6.5675463e-01
   4.9550987e-01  -5.2194970e-01
   4.9556781e-01  -5.8910579e-01
   4.9560136e-01  -7.2610433e-01
   4.9893249e-01   8.1926721e-01
   5.0546566e-01   8.6284672e-01
   5.1078123e-01   2.4106929e-01
   5.1083294e-01   3.0777110e-01
   5.1094070e-01   1.7456557e-01
   5.1113582e-01   3.7460343e-01
   5.1117532e-01   1.0824285e-01
   5.1143298e-01   4.2034986e-02
   5.1152769e-01   4.4152370e-01
   5.1170041e-01  -2.4130726e-02
   5.1186928e-01   5.0856780e-01
   5.1193401e-01  -8.5902478e-01
   5.1199584e-01  -9.0321223e-02
   5.1220965e-01   5.7601006e-01
   5.1229243e-01  -8.2290149e-01
   5.1236695e-01  -1.5657501e-01
   5.1251353e-01   6.4382862e-01
   5.1284306e-01  -2.2288717e-01
   5.1337650e-01  -2.8924661e-01
   5.1362826e-01   7.1322939e-01
   5.1393486e-01  -3.5566174e-01
   5.1408351e-01  -6.9040444e-01
   5.1441591e-01   7.7989587e-01
   5.1442092e-01  -4.2214373e-01
   5.1466929e-01  -6.2275105e-01
   5.1472788e-01  -4.8872566e-01
   5.1476961e-01  -5.5543737e-01
   5.1517241e-01  -7.6091467e-01
   5.2977809e-01   2.7440222e-01
   5.2990190e-01   2.0775957e-01
   5.2996045e-01   3.4121988e-01
   5.3016541e-01   1.4133307e-01
   5.3034986e-01   4.0811800e-01
   5.3045514e-01   7.5068793e-02
   5.3074242e-01   8.8884136e-03
   5.3074820e-01   4.7506236e-01
   5.3101956e-01   5.4205806e-01
   5.3102938e-01  -5.7288980e-02
   5.3132196e-01   6.0958210e-01
   5.3135965e-01  -1.2352699e-01
   5.3141191e-01   6.7730261e-01
   5.3179770e-01  -1.8984089e-01
   5.3233395e-01  -2.5620396e-01
   5.3249731e-01  -7.2359618e-01
   5.3278343e-01   8.0967087e-01
   5.3290999e-01  -3.2260942e-01
   5.3347935e-01  -3.8906175e-01
   5.3367805e-01  -6.5627023e-01
   5.3378263e-01   7.4774645e-01
   5.3379911e-01   8.4561132e-01
   5.3390577e-01  -4.5559328e-01
   5.3394379e-01  -5.8878447e-01
   5.3411212e-01  -5.2219680e-01
   5.3614823e-01  -7.9591296e-01
   5.4422653e-01  -8.3893831e-01
   5.4882148e-01   3.0780887e-01
   5.4883843e-01   2.4102799e-01
   5.4911916e-01   1.7446817e-01
   5.4915051e-01   3.7470401e-01
   5.4945399e-01   1.0812257e-01
   5.4959859e-01   4.4163503e-01
   5.4978027e-01   4.1910595e-02
   5.4999337e-01   5.0854018e-01
   5.5008110e-01  -2.4257941e-02
   5.5015301e-01   5.7532699e-01
   5.5019658e-01   7.1023394e-01
   5.5038290e-01  -9.0470012e-02
   5.5044983e-01   6.4294770e-01
   5.5076296e-01  -1.5677372e-01
   5.5100288e-01  -7.5567223e-01
   5.5128009e-01  -2.2314869e-01
   5.5186274e-01  -2.8956147e-01
   5.5248505e-01  -3.5599651e-01
   5.5250906e-01  -6.8966649e-01
   5.5300848e-01  -6.2180028e-01
   5.5302207e-01  -4.2247832e-01
   5.5337190e-01  -4.8906546e-01
   5.5348779e-01  -5.5561217e-01
   5.5558567e-01   7.8232685e-01
   5.6512543e-01   8.2500500e-01
   5.6777541e-01   2.7438195e-01
   5.6794776e-01   3.4126206e-01
   5.6802170e-01   2.0766622e-01
   5.6839833e-01   4.0819105e-01
   5.6841676e-01   1.4120675e-01
   5.6880049e-01   7.4939954e-02
   5.6889100e-01   4.7512636e-01
   5.6914134e-01   8.7684756e-03
   5.6924568e-01   7.4196614e-01
   5.6925701e-01   6.0817598e-01
   5.6929868e-01   5.4188531e-01
   5.6944047e-01  -5.7412295e-02
   5.6954210e-01   6.7610476e-01
   5.6958569e-01  -7.8466125e-01
   5.6976320e-01  -1.2368662e-01
   5.7021984e-01  -1.9006738e-01
   5.7080623e-01  -2.5649943e-01
   5.7140430e-01  -7.2310476e-01
   5.7144415e-01  -3.2295549e-01
   5.7186392e-01  -6.5417219e-01
   5.7208464e-01  -3.8938406e-01
   5.7216509e-01  -8.2013847e-01
   5.7254242e-01  -4.5590513e-01
   5.7284226e-01  -5.2255760e-01
   5.7291144e-01  -5.8887815e-01
   5.8678961e-01   3.0781204e-01
   5.8688219e-01   2.4094918e-01
   5.8716729e-01   3.7471425e-01
   5.8732257e-01   1.7433593e-01
   5.8769596e-01   4.4165097e-01
   5.8778259e-01   1.0798464e-01
   5.8819026e-01   4.1790219e-02
   5.8824606e-01   6.4029027e-01
   5.8826252e-01   5.0856799e-01
   5.8848892e-01   7.7057355e-01
   5.8852063e-01  -2.4362472e-02
   5.8872978e-01   5.7498909e-01
   5.8880890e-01  -9.0589371e-02
   5.8887090e-01   7.0919760e-01
   5.8917651e-01  -1.5695257e-01
   5.8973328e-01  -2.2340837e-01
   5.8996635e-01  -6.8552525e-01
   5.9036679e-01  -2.8989801e-01
   5.9109115e-01  -3.5636383e-01
   5.9167427e-01  -4.2273977e-01
   5.9202380e-01  -7.5646475e-01
   5.9203330e-01  -4.8934916e-01
   5.9222329e-01   8.0577390e-01
   5.9238784e-01  -5.5607675e-01
   5.9247114e-01  -6.2182081e-01
   6.0296537e-01  -7.9776736e-01
   6.0573847e-01   2.7433456e-01
   6.0594103e-01   3.4127221e-01
   6.0614502e-01   2.0753486e-01
   6.0646128e-01   4.0810516e-01
   6.0660984e-01   6.7130137e-01
   6.0671221e-01   1.4105671e-01
   6.0693734e-01  -7.1552163e-01
   6.0704781e-01   4.7506753e-01
   6.0721091e-01   7.4811878e-02
   6.0760979e-01   8.6737949e-03
   6.0779487e-01   5.4194616e-01
   6.0790471e-01  -5.7495704e-02
   6.0819059e-01  -1.2380971e-01
   6.0837870e-01   6.0766808e-01
   6.0865052e-01  -1.9027592e-01
   6.0928792e-01  -2.5679817e-01
   6.1000139e-01  -3.2334346e-01
   6.1007483e-01   7.4205455e-01
   6.1078831e-01  -3.8974363e-01
   6.1120902e-01  -4.5602598e-01
   6.1151766e-01  -5.2284926e-01
   6.1216477e-01  -5.8964315e-01
   6.1217967e-01  -6.5410497e-01
   6.2218391e-01   7.8287111e-01
   6.2398243e-01   7.0088527e-01
   6.2414595e-01  -7.4298076e-01
   6.2472845e-01   3.0780993e-01
   6.2489982e-01   2.4083652e-01
   6.2524381e-01   3.7468672e-01
   6.2555732e-01   1.7417292e-01
   6.2579375e-01   4.4136792e-01
   6.2617326e-01   1.0784306e-01
   6.2648869e-01   5.0845629e-01
   6.2667670e-01   4.1695929e-02
   6.2702782e-01  -2.4418465e-02
   6.2727124e-01  -9.0655554e-02
   6.2759369e-01  -1.5709466e-01
   6.2764901e-01   5.7526037e-01
   6.2819004e-01  -2.2365338e-01
   6.2826528e-01   6.3959089e-01
   6.2886200e-01  -2.9025076e-01
   6.2974316e-01  -7.7680342e-01
   6.2975189e-01  -3.5680621e-01
   6.3049091e-01  -4.2303649e-01
   6.3063900e-01  -4.8920028e-01
   6.3103345e-01  -6.8539819e-01
   6.3107646e-01  -5.5650998e-01
   6.3247411e-01  -6.2326360e-01
   6.4165851e-01   7.2792395e-01
   6.4363709e-01   2.7427165e-01
   6.4394870e-01   3.4130735e-01
   6.4426840e-01   2.0736801e-01
   6.4466532e-01   4.0796138e-01
   6.4506548e-01   1.4089700e-01
   6.4512183e-01   4.7442980e-01
   6.4570309e-01   7.4709528e-02
   6.4611050e-01   5.4189716e-01
   6.4616185e-01   8.6348028e-03
   6.4642589e-01  -5.7510165e-02
   6.4663103e-01  -1.2387470e-01
   6.4707429e-01  -1.9045338e-01
   6.4745395e-01   6.7044605e-01
   6.4776206e-01  -2.5708497e-01
   6.4811714e-01   6.0849808e-01
   6.4824292e-01   7.6143359e-01
   6.4854170e-01  -3.2377703e-01
   6.4884625e-01  -7.1560456e-01
   6.4961208e-01  -3.9022690e-01
   6.4990752e-01  -5.2220947e-01
   6.5013656e-01  -4.5617165e-01
   6.5091174e-01  -5.9055942e-01
   6.5369251e-01  -6.5677893e-01
   6.5924987e-01  -7.5192394e-01
   6.6260209e-01   3.0782771e-01
   6.6287247e-01   2.4069211e-01
   6.6342072e-01   3.7472280e-01
   6.6383693e-01   1.7399043e-01
   6.6414771e-01   4.4098931e-01
   6.6439453e-01   5.0720596e-01
   6.6464329e-01   1.0772580e-01
   6.6525627e-01   4.1663767e-02
   6.6561082e-01  -2.4390614e-02
   6.6574284e-01   7.0013504e-01
   6.6576230e-01  -9.0641423e-02
   6.6599291e-01  -1.5718484e-01
   6.6611999e-01   5.7558878e-01
   6.6663930e-01  -2.2387114e-01
   6.6730747e-01  -2.9060208e-01
   6.6842013e-01  -3.5734254e-01
   6.6893717e-01  -5.5496472e-01
   6.6953202e-01  -4.2352972e-01
   6.6955737e-01   6.4148886e-01
   6.6965426e-01  -4.8906320e-01
   6.7153221e-01  -6.2540098e-01
   6.7379439e-01  -6.8982848e-01
   6.7696994e-01   7.3601066e-01
   6.8142086e-01   2.7419838e-01
   6.8193805e-01   3.4140784e-01
   6.8239142e-01   2.0717220e-01
   6.8310005e-01   4.0793585e-01
   6.8349993e-01   1.4075718e-01
   6.8353441e-01   5.3957837e-01
   6.8362340e-01   4.7364918e-01
   6.8429914e-01   7.4675964e-02
   6.8481279e-01   8.6949034e-03
   6.8500451e-01  -5.7421737e-02
   6.8506660e-01  -1.2386194e-01
   6.8547242e-01  -1.9059248e-01
   6.8621749e-01  -2.5734036e-01
   6.8630568e-01  -7.2731321e-01
   6.8699837e-01  -3.2424103e-01
   6.8700991e-01   6.0988840e-01
   6.8760103e-01  -5.8725688e-01
   6.8850322e-01  -3.9087177e-01
   6.8896722e-01  -5.2160115e-01
   6.8944228e-01  -4.5663186e-01
   6.9011576e-01   6.7389388e-01
   6.9446430e-01  -6.6117395e-01
   7.0034949e-01   3.0787538e-01
   7.0078081e-01   2.4051764e-01
   7.0166894e-01   3.7487674e-01
   7.0218987e-01   1.7381345e-01
   7.0239943e-01   5.7132567e-01
   7.0291658e-01   4.4082076e-01
   7.0301636e-01   5.0580168e-01
   7.0321585e-01   1.0768405e-01
   7.0334958e-01   7.1084413e-01
   7.0394567e-01   4.1748117e-02
   7.0426486e-01  -9.0521700e-02
   7.0427237e-01  -2.4236315e-02
   7.0434028e-01  -1.5721579e-01
   7.0507835e-01  -2.2405517e-01
   7.0565351e-01  -2.9092417e-01
   7.0573957e-01  -6.1846757e-01
   7.0701306e-01  -3.5796096e-01
   7.0799727e-01  -5.5363671e-01
   7.0872968e-01  -4.2427687e-01
   7.0927178e-01  -4.8944752e-01
   7.1020805e-01   6.4486359e-01
   7.1204234e-01  -7.0213653e-01
   7.1902102e-01   2.7411444e-01
   7.1984608e-01   3.4157890e-01
   7.2052248e-01   2.0696356e-01
   7.2078440e-01   6.0187881e-01
   7.2172850e-01   4.0809051e-01
   7.2205486e-01   1.4069491e-01
   7.2223714e-01   5.3729269e-01
   7.2279717e-01   4.7325297e-01
   7.2302548e-01   7.4780954e-02
   7.2346981e-01  -1.2376018e-01
   7.2357472e-01   8.9093304e-03
   7.2363414e-01  -5.7198297e-02
   7.2382293e-01  -1.9069960e-01
   7.2466344e-01  -2.5754423e-01
   7.2491640e-01  -6.4528531e-01
   7.2528536e-01  -3.2470727e-01
   7.2671015e-01  -5.8496295e-01
   7.2736360e-01  -3.9166253e-01
   7.2846280e-01   6.8508536e-01
   7.2895528e-01  -5.2189512e-01
   7.2901568e-01  -4.5747568e-01
   7.3545185e-01  -6.7757699e-01
   7.3789773e-01   3.0794978e-01
   7.3861412e-01   2.4031958e-01
   7.3992024e-01   3.7513068e-01
   7.4013385e-01   6.2811927e-01
   7.4067299e-01   1.7369356e-01
   7.4121250e-01   5.6796866e-01
   7.4191729e-01   1.0780776e-01
   7.4202486e-01   4.4091292e-01
   7.4258202e-01  -1.5719506e-01
   7.4266331e-01   5.0513045e-01
   7.4274643e-01  -9.0281507e-02
   7.4275234e-01   4.2023589e-02
   7.4300110e-01  -2.3914325e-02
   7.4352303e-01  -2.2421299e-01
   7.4384416e-01  -2.9118217e-01
   7.4543129e-01  -3.5863184e-01
   7.4622638e-01  -6.1441077e-01
   7.4795834e-01  -4.2524338e-01
   7.4843800e-01  -5.5392301e-01
   7.4927687e-01  -4.9040445e-01
   7.5131511e-01   6.5994363e-01
   7.5634987e-01   2.7401920e-01
   7.5760731e-01   3.4179300e-01
   7.5868557e-01   2.0677976e-01
   7.6046333e-01   4.0835385e-01
   7.6079478e-01   1.4082107e-01
   7.6097800e-01   5.9675850e-01
   7.6142192e-01  -6.4825663e-01
   7.6180400e-01  -1.2357334e-01
   7.6190592e-01   7.5130652e-02
   7.6209898e-01  -1.9080446e-01
   7.6229966e-01  -5.6821694e-02
   7.6241479e-01   5.3643442e-01
   7.6244821e-01   9.3348706e-03
   7.6245863e-01   4.7323614e-01
   7.6315244e-01  -2.5767981e-01
   7.6329927e-01  -3.2514308e-01
   7.6608690e-01  -3.9255524e-01
   7.6814790e-01  -5.8516904e-01
   7.6867876e-01  -4.5862540e-01
   7.6942111e-01  -5.2304943e-01
   7.7517896e-01   3.0803872e-01
   7.7638424e-01   2.4012052e-01
   7.7662954e-01   6.2995758e-01
   7.7811678e-01   3.7539916e-01
   7.7939660e-01   1.7373936e-01
   7.8063032e-01  -1.5714964e-01
   7.8076189e-01   1.0825051e-01
   7.8115372e-01  -8.9924764e-02
   7.8133819e-01   4.4109596e-01
   7.8165158e-01   4.2574790e-02
   7.8175900e-01  -2.3403471e-02
   7.8180996e-01  -2.9133614e-01
   7.8202203e-01  -2.2438011e-01
   7.8240691e-01   5.6688840e-01
   7.8288928e-01   5.0504996e-01
   7.8357165e-01  -3.5932066e-01
   7.8520242e-01  -6.1923918e-01
   7.8709721e-01  -4.2635119e-01
   7.8939393e-01  -4.9178140e-01
   7.8949402e-01  -5.5537593e-01
   7.9329439e-01   2.7391757e-01
   7.9518365e-01   3.4198346e-01
   7.9692940e-01   2.0671013e-01
   7.9924688e-01   4.0853351e-01
   7.9981830e-01   1.4135784e-01
   7.9984683e-01   6.0020417e-01
   8.0003076e-01  -1.2331818e-01
   8.0025873e-01  -1.9097639e-01
   8.0091334e-01  -3.2551937e-01
   8.0093967e-01   7.5862616e-02
   8.0098537e-01  -5.6301181e-02
   8.0141370e-01   1.0000435e-02
   8.0182125e-01  -2.5774180e-01
   8.0236612e-01   4.7328545e-01
   8.0327337e-01   5.3641860e-01
   8.0458169e-01  -3.9349067e-01
   8.0780758e-01  -5.8944628e-01
   8.0827873e-01  -4.5994302e-01
   8.0997042e-01  -5.2476459e-01
   8.1215545e-01   3.0811548e-01
   8.1415316e-01   2.3998644e-01
   8.1625486e-01   3.7549961e-01
   8.1833017e-01  -1.5712841e-01
   8.1857523e-01   1.7420338e-01
   8.1940854e-01  -8.9461609e-02
   8.1943876e-01  -2.9134377e-01
   8.1969053e-01   1.0925721e-01
   8.2047108e-01  -2.2729064e-02
   8.2054353e-01   4.3440838e-02
   8.2067508e-01  -2.2465231e-01
   8.2077305e-01   4.4099712e-01
   8.2133781e-01  -3.5999218e-01
   8.2191066e-01   5.6961642e-01
   8.2329243e-01   5.0507837e-01
   8.2606245e-01  -4.2747954e-01
   8.2935018e-01  -5.5872917e-01
   8.2941520e-01  -4.9334896e-01
   8.2970535e-01   2.7383002e-01
   8.3260461e-01   3.4201011e-01
   8.3534688e-01   2.0698397e-01
   8.3796817e-01  -3.2582364e-01
   8.3811361e-01   4.0817794e-01
   8.3812123e-01  -1.2301242e-01
   8.3820787e-01  -1.9135003e-01
   8.3923369e-01   1.4276723e-01
   8.3971301e-01  -5.5635632e-02
   8.4004552e-01   7.7078164e-02
   8.4045010e-01   1.0818127e-02
   8.4096826e-01  -2.5776397e-01
   8.4232148e-01   4.7286367e-01
   8.4279591e-01  -3.9437329e-01
   8.4293085e-01   5.3802192e-01
   8.4772501e-01  -4.6121298e-01
   8.4886789e-01   3.0815016e-01
   8.4979759e-01  -5.2710916e-01
   8.5209892e-01   2.4013245e-01
   8.5447587e-01   3.7489378e-01
   8.5538870e-01  -1.5718397e-01
   8.5648893e-01  -2.9118139e-01
   8.5737326e-01  -8.8852879e-02
   8.5836810e-01   1.1112642e-01
   8.5862579e-01   1.7573345e-01
   8.5866555e-01  -3.6060148e-01
   8.5906378e-01  -2.1952710e-02
   8.5918606e-01   4.4437906e-02
   8.5963809e-01  -2.2525486e-01
   8.6029148e-01   4.3982086e-01
   8.6288090e-01   5.0540731e-01
   8.6483549e-01  -4.2846797e-01
   8.6538736e-01   2.7394359e-01
   8.6908003e-01  -4.9467151e-01
   8.7012971e-01   3.4128507e-01
   8.7410837e-01   2.0829288e-01
   8.7428055e-01  -3.2610773e-01
   8.7568214e-01  -1.9209197e-01
   8.7606697e-01  -1.2255741e-01
   8.7720204e-01   4.0598578e-01
   8.7862467e-01  -5.4869570e-02
   8.7892563e-01   1.4588913e-01
   8.7897397e-01   7.8475894e-02
   8.7967275e-01   1.1649230e-02
   8.8072564e-01  -3.9524461e-01
   8.8118376e-01  -2.5795342e-01
   8.8170235e-01   4.7180607e-01
   8.8572823e-01   3.0765753e-01
   8.8712519e-01  -4.6152886e-01
   8.9063530e-01   2.4174823e-01
   8.9123821e-01  -1.5704135e-01
   8.9235837e-01  -2.9100359e-01
   8.9316169e-01   3.7133621e-01
   8.9485509e-01  -8.8154404e-02
   8.9546407e-01  -3.6168738e-01
   8.9570314e-01   1.1330275e-01
   8.9729458e-01   4.5411824e-02
   8.9740170e-01  -2.1216701e-02
   8.9896473e-01  -2.2657252e-01
   8.9933791e-01   4.3725430e-01
   9.0015473e-01   1.8035480e-01
   9.0061195e-01   2.7439377e-01
   9.0387310e-01  -4.2780067e-01
   9.0854612e-01   3.3570764e-01
   9.0942596e-01  -3.2790894e-01
   9.1192611e-01  -1.9253639e-01
   9.1296256e-01   2.1512207e-01
   9.1412209e-01  -1.2203928e-01
   9.1574521e-01   4.0175953e-01
   9.1730015e-01   1.4966397e-01
   9.1781141e-01   7.9902331e-02
   9.1805922e-01  -5.4368802e-02
   9.1928611e-01  -3.9358994e-01
   9.1936706e-01   1.2497068e-02
   9.2332182e-01  -2.5950834e-01
   9.2429743e-01   2.9855591e-01
   9.2505245e-01  -2.9379766e-01
   9.2540606e-01  -1.5652695e-01
   9.3013236e-01   2.5618116e-01
   9.3077614e-01   1.1520303e-01
   9.3090601e-01   3.6525881e-01
   9.3148472e-01  -8.7960513e-02
   9.3336244e-01  -3.5893530e-01
   9.3432965e-01   4.6612933e-02
   9.3483787e-01  -2.0728483e-02
   9.3736765e-01  -2.2713172e-01
   9.4175804e-01   1.8573141e-01
   9.4484764e-01   3.2751021e-01
   9.4496594e-01   2.2258696e-01
   9.4617154e-01  -3.2366560e-01
   9.4675565e-01  -1.9255315e-01
   9.5296405e-01  -1.2287665e-01
   9.5320394e-01   1.5261512e-01
   9.5715747e-01   8.2168754e-02
   9.5759901e-01  -1.5735176e-01
   9.5768020e-01   2.8783439e-01
   9.5811500e-01  -2.8638376e-01
   9.5840098e-01  -5.4815162e-02
   9.5984028e-01   1.3516126e-02
   9.6319662e-01   1.1748299e-01
   9.6563661e-01  -8.9258919e-02
   9.6727870e-01  -2.5371623e-01
   9.6783507e-01   2.5158553e-01
   9.6850786e-01   4.8254581e-02
   9.6931307e-01  -2.0691060e-02
   9.7578163e-01  -2.1874691e-01
   9.7715985e-01   2.1250560e-01
   9.8312186e-01  -1.8295190e-01
   9.8395784e-01   1.7840113e-01
   9.8943810e-01  -1.4495600e-01
   9.8982522e-01   1.4228855e-01
   9.9378894e-01  -1.1128136e-01
   9.9460412e-01   1.0374315e-01
   9.9729732e-01  -7.3471430e-02
   9.9756873e-01   6.9689528e-02
   9.9920158e-01  -3.9952373e-02
   9.9950095e-01   3.1588607e-02
   9.9999785e-01  -2.0737742e-03
