  -9.9683214e-01   7.9534154e-02
  -9.9059710e-01  -1.3681145e-01
  -9.5710681e-01   2.8973533e-01
  -9.3694452e-01  -3.4947813e-01
  -8.5895239e-01   5.1205545e-01
  -8.3504290e-01  -5.5018484e-01
  -7.9901597e-01  -1.1555527e-01
  -7.5118878e-01   3.0766710e-01
  -7.3429130e-01   9.3450729e-02
  -7.1531533e-01   6.9880182e-01
  -7.0576932e-01  -3.3007641e-01
  -6.9029648e-01  -7.2352661e-01
  -6.1825947e-01   5.0230416e-01
  -5.8202842e-01  -5.2134889e-01
  -5.7809012e-01  -1.1393057e-01
  -5.4672894e-01   8.3730966e-01
  -5.4028621e-01   2.6962569e-01
  -5.1409859e-01  -8.5773110e-01
  -4.6400716e-01   7.8391596e-02
  -4.6090481e-01  -3.1832511e-01
  -4.3962927e-01   6.6729774e-01
  -4.2319354e-01  -6.9108234e-01
  -3.9575700e-01   4.5994507e-01
  -3.5394970e-01   9.3526446e-01
  -3.3404874e-01  -1.1765971e-01
  -3.2380540e-01  -5.1097980e-01
  -3.1633633e-01  -9.4864710e-01
  -2.9755681e-01   2.7908994e-01
  -2.3964446e-01   7.5369677e-01
  -2.1160141e-01  -3.1843962e-01
  -2.1100498e-01   8.7155989e-02
  -2.0591785e-01  -7.5273072e-01
  -1.9214620e-01   5.3737217e-01
  -1.3363724e-01   9.9103032e-01
  -9.6778494e-02  -5.4478671e-01
  -9.6529815e-02  -9.9533009e-01
  -9.3509113e-02  -1.1207844e-01
  -8.0999457e-02   3.2293214e-01
  -3.0292395e-02   7.6969246e-01
   1.5527497e-02  -7.7253808e-01
   1.7675518e-02  -3.2688674e-01
   2.1281688e-02   1.0994818e-01
   3.0090532e-02   5.4373919e-01
   9.2132367e-02   9.9574677e-01
   1.2756317e-01  -5.3854680e-01
   1.3150915e-01  -9.9131496e-01
   1.3176870e-01  -1.0108408e-01
   1.5148744e-01   3.1527897e-01
   1.8745976e-01   7.5430874e-01
   2.3459190e-01  -7.4460950e-01
   2.4315208e-01  -3.0095205e-01
   2.4616096e-01   5.1743254e-01
   2.6171057e-01   1.0198876e-01
   3.1362739e-01   9.4954613e-01
   3.4775677e-01  -4.9614199e-01
   3.4890902e-01  -9.3715660e-01
   3.7195937e-01  -8.9370435e-02
   3.9341777e-01   2.8225276e-01
   4.1035908e-01   6.8935093e-01
   4.4711980e-01  -6.7586146e-01
   4.5367974e-01   4.5588293e-01
   4.8345681e-01  -2.9802049e-01
   5.1182087e-01   8.5909219e-01
   5.2587898e-01   1.1918881e-01
   5.4317064e-01  -8.3962233e-01
   5.9919788e-01  -8.7347656e-02
   6.0205248e-01  -5.0168714e-01
   6.2270346e-01   5.4795893e-01
   6.7411675e-01   3.2778489e-01
   6.8553016e-01   7.2804423e-01
   7.1472311e-01  -6.9940751e-01
   7.2165962e-01  -3.0643550e-01
   7.6624269e-01   1.3239593e-01
   8.0517636e-01  -8.6903415e-02
   8.4547477e-01   5.3401536e-01
   8.5386259e-01  -5.2049848e-01
   9.4183224e-01   3.3608337e-01
   9.4923827e-01  -3.1455797e-01
   9.9289624e-01   1.1898346e-01
   9.9515231e-01  -9.8345734e-02
