  -9.8552858e-01  -1.6950933e-01
  -9.7860449e-01   2.0575047e-01
  -8.6659593e-01  -4.9901050e-01
  -8.4837719e-01   5.2939224e-01
  -7.1587652e-01   1.5502259e-02
  -6.4775495e-01  -7.6184875e-01
  -6.2338371e-01   7.8191607e-01
  -6.1287214e-01  -2.7430124e-01
  -6.0008314e-01   3.0100244e-01
  -4.6326839e-01  -5.4696042e-01
  -4.3846781e-01   5.6539249e-01
  -3.7024389e-01   9.4874074e-03
  -3.5280847e-01  -9.3569556e-01
  -3.2327844e-01   9.4630389e-01
  -2.4027386e-01  -2.8389581e-01
  -2.2410214e-01   2.9613338e-01
  -1.6913079e-01  -6.4911666e-01
  -1.3654570e-01   6.5617146e-01
  -9.6709810e-03  -9.9995324e-01
  -3.0221475e-04   5.3987867e-04
   1.9309920e-02   9.9981355e-01
   7.0948439e-02  -3.6233303e-01
   9.3567349e-02   3.5921598e-01
   1.3325554e-01  -7.0219913e-01
   1.7330675e-01   6.8889714e-01
   3.2889681e-01  -1.7069767e-01
   3.3762461e-01   1.5318381e-01
   3.5681832e-01  -9.3417380e-01
   3.7510686e-01   9.2698158e-01
   3.9554691e-01  -5.4218387e-01
   4.3657785e-01   5.1877565e-01
   6.2813770e-01  -3.4062264e-01
   6.4831474e-01   2.8745615e-01
   6.5315210e-01  -7.5722674e-01
   6.5810796e-01   7.5292357e-01
   6.6866873e-01  -2.5678951e-02
   8.6549432e-01  -5.0091874e-01
   8.6619762e-01   4.9970159e-01
   9.8372667e-01  -1.7967149e-01
   9.8636876e-01   1.6454991e-01
