  -9.9941100e-01  -3.4317020e-02
  -9.9625813e-01   8.6427703e-02
  -9.8834992e-01  -1.5219869e-01
  -9.7940580e-01   2.0190167e-01
  -9.6338511e-01  -2.6812151e-01
  -9.4452154e-01   3.2844947e-01
  -9.2131898e-01  -3.8880757e-01
  -8.9498513e-01   4.4609597e-01
  -8.9112677e-01  -2.4775008e-02
  -8.6589564e-01   2.1523640e-01
  -8.6374290e-01  -5.0393273e-01
  -8.5637358e-01  -2.5654356e-01
  -8.4857300e-01   9.5510900e-02
  -8.4037330e-01  -1.3838552e-01
  -8.3156994e-01   5.5542005e-01
  -8.1215589e-01   3.3355064e-01
  -7.9688927e-01  -3.7405058e-01
  -7.9034189e-01  -6.1266605e-01
  -7.6261512e-01  -1.9276847e-02
  -7.5661938e-01   6.5385558e-01
  -7.5346895e-01   4.4575948e-01
  -7.4626979e-01   2.0726111e-01
  -7.3608457e-01  -2.4717636e-01
  -7.3308149e-01  -4.8357008e-01
  -7.0166333e-01  -7.1250865e-01
  -7.0009861e-01   9.2500242e-02
  -6.9450951e-01  -1.3070968e-01
  -6.8324805e-01   5.5236832e-01
  -6.8089621e-01   3.2602646e-01
  -6.7210047e-01   7.4045996e-01
  -6.6598199e-01  -3.6294665e-01
  -6.5915677e-01  -5.8480853e-01
  -6.2294991e-01  -1.8534443e-02
  -6.1530643e-01   2.0712531e-01
  -6.1407039e-01   4.3983349e-01
  -6.0563041e-01  -2.4350816e-01
  -6.0386301e-01   6.5806496e-01
  -5.9409769e-01  -8.0439290e-01
  -5.9391725e-01  -4.7315698e-01
  -5.8013957e-01   8.1451709e-01
  -5.7937993e-01  -6.8551958e-01
  -5.5577136e-01   9.3497054e-02
  -5.5082500e-01  -1.3003608e-01
  -5.4564876e-01   3.2397585e-01
  -5.4176817e-01   5.5380403e-01
  -5.3074988e-01  -3.5838261e-01
  -5.1749060e-01  -5.8396418e-01
  -4.9031236e-01   6.9471389e-01
  -4.8959483e-01  -8.7195006e-01
  -4.8230170e-01   8.7600518e-01
  -4.8216118e-01  -1.8285717e-02
  -4.7959757e-01   2.0784324e-01
  -4.7692744e-01   4.4090560e-01
  -4.6995154e-01  -2.4388547e-01
  -4.6524850e-01  -7.2386461e-01
  -4.5688695e-01  -4.7404576e-01
  -4.1669662e-01   5.6921256e-01
  -4.1418629e-01   9.4325395e-02
  -4.1246100e-01   7.8926645e-01
  -4.1022196e-01   3.2465779e-01
  -4.0961718e-01  -1.3132543e-01
  -3.9547507e-01  -3.6141138e-01
  -3.9375240e-01  -6.0406046e-01
  -3.8054566e-01  -8.1169107e-01
  -3.7034395e-01   9.2889470e-01
  -3.6303954e-01  -9.3177374e-01
  -3.4800855e-01   6.7863012e-01
  -3.4652791e-01   4.4590409e-01
  -3.4276975e-01   2.0911924e-01
  -3.4233391e-01  -1.8818244e-02
  -3.3400728e-01  -2.4773598e-01
  -3.2773085e-01  -4.8651250e-01
  -3.1898365e-01  -7.1022684e-01
  -2.8706222e-01   8.0690063e-01
  -2.8051360e-01   5.5844572e-01
  -2.7621082e-01   3.2690290e-01
  -2.7471044e-01   9.5038567e-02
  -2.7111162e-01  -1.3407142e-01
  -2.6384398e-01  -3.6975892e-01
  -2.5956114e-01   9.6572668e-01
  -2.5530260e-01  -6.0217129e-01
  -2.5506254e-01  -8.4117879e-01
  -2.3910900e-01  -9.7099273e-01
  -2.1877948e-01   6.7607536e-01
  -2.0971777e-01   4.4062547e-01
  -2.0626651e-01   2.1091603e-01
  -2.0433923e-01  -1.9701599e-02
  -2.0020640e-01  -2.5321709e-01
  -1.9313306e-01  -4.8908623e-01
  -1.9042439e-01   8.7277389e-01
  -1.8931741e-01  -7.3109390e-01
  -1.4546551e-01   5.5504219e-01
  -1.3893269e-01   7.6454806e-01
  -1.3846095e-01   3.2557313e-01
  -1.3703318e-01   9.5857141e-02
  -1.3523956e-01  -1.3683347e-01
  -1.3050921e-01  -3.7277025e-01
  -1.3027280e-01  -8.6549923e-01
  -1.2885677e-01   9.9166322e-01
  -1.2619504e-01  -6.1634285e-01
  -1.1676667e-01  -9.9315937e-01
  -7.2169034e-02   6.5477663e-01
  -7.1609642e-02   4.4008724e-01
  -6.8479513e-02   2.1125428e-01
  -6.8136165e-02  -2.0395630e-02
  -6.6331829e-02  -2.5488938e-01
  -6.3883614e-02  -4.9700379e-01
  -6.3007916e-02  -7.4751616e-01
  -6.2369595e-02   8.7824583e-01
  -1.0655271e-08  -1.0000000e+00
  -5.3828428e-10   1.0000000e+00
  -1.7514430e-10  -3.7562200e-01
  -1.3884958e-10  -1.3705424e-01
  -1.2449985e-10   9.5465007e-02
  -9.9682469e-11   3.2707417e-01
   9.1670032e-11   5.4695859e-01
   2.6583228e-10  -6.2327494e-01
   4.6577576e-10   7.6222511e-01
   6.5083832e-09  -8.7632622e-01
   6.2369596e-02   8.7824583e-01
   6.3007920e-02  -7.4751616e-01
   6.3883614e-02  -4.9700379e-01
   6.6331829e-02  -2.5488938e-01
   6.8136165e-02  -2.0395630e-02
   6.8479512e-02   2.1125428e-01
   7.1609642e-02   4.4008724e-01
   7.2169034e-02   6.5477663e-01
   1.1676665e-01  -9.9315938e-01
   1.2619504e-01  -6.1634285e-01
   1.2885677e-01   9.9166321e-01
   1.3027281e-01  -8.6549923e-01
   1.3050921e-01  -3.7277025e-01
   1.3523956e-01  -1.3683347e-01
   1.3703318e-01   9.5857141e-02
   1.3846095e-01   3.2557313e-01
   1.3893269e-01   7.6454806e-01
   1.4546551e-01   5.5504219e-01
   1.8931741e-01  -7.3109390e-01
   1.9042439e-01   8.7277389e-01
   1.9313306e-01  -4.8908623e-01
   2.0020640e-01  -2.5321709e-01
   2.0433923e-01  -1.9701599e-02
   2.0626651e-01   2.1091603e-01
   2.0971777e-01   4.4062547e-01
   2.1877948e-01   6.7607536e-01
   2.3910899e-01  -9.7099274e-01
   2.5506254e-01  -8.4117879e-01
   2.5530260e-01  -6.0217129e-01
   2.5956114e-01   9.6572668e-01
   2.6384398e-01  -3.6975892e-01
   2.7111162e-01  -1.3407142e-01
   2.7471044e-01   9.5038567e-02
   2.7621082e-01   3.2690289e-01
   2.8051360e-01   5.5844572e-01
   2.8706222e-01   8.0690063e-01
   3.1898365e-01  -7.1022684e-01
   3.2773085e-01  -4.8651250e-01
   3.3400728e-01  -2.4773598e-01
   3.4233391e-01  -1.8818244e-02
   3.4276975e-01   2.0911924e-01
   3.4652791e-01   4.4590409e-01
   3.4800856e-01   6.7863012e-01
   3.6303953e-01  -9.3177374e-01
   3.7034395e-01   9.2889470e-01
   3.8054566e-01  -8.1169107e-01
   3.9375240e-01  -6.0406046e-01
   3.9547507e-01  -3.6141138e-01
   4.0961718e-01  -1.3132543e-01
   4.1022196e-01   3.2465779e-01
   4.1246101e-01   7.8926645e-01
   4.1418629e-01   9.4325395e-02
   4.1669662e-01   5.6921256e-01
   4.5688695e-01  -4.7404575e-01
   4.6524850e-01  -7.2386462e-01
   4.6995154e-01  -2.4388547e-01
   4.7692744e-01   4.4090560e-01
   4.7959757e-01   2.0784324e-01
   4.8216118e-01  -1.8285717e-02
   4.8230170e-01   8.7600518e-01
   4.8959483e-01  -8.7195006e-01
   4.9031236e-01   6.9471389e-01
   5.1749060e-01  -5.8396418e-01
   5.3074988e-01  -3.5838261e-01
   5.4176817e-01   5.5380403e-01
   5.4564876e-01   3.2397585e-01
   5.5082500e-01  -1.3003608e-01
   5.5577136e-01   9.3497054e-02
   5.7937993e-01  -6.8551958e-01
   5.8013956e-01   8.1451709e-01
   5.9391725e-01  -4.7315698e-01
   5.9409769e-01  -8.0439290e-01
   6.0386301e-01   6.5806496e-01
   6.0563041e-01  -2.4350816e-01
   6.1407039e-01   4.3983348e-01
   6.1530643e-01   2.0712531e-01
   6.2294991e-01  -1.8534443e-02
   6.5915677e-01  -5.8480853e-01
   6.6598199e-01  -3.6294665e-01
   6.7210047e-01   7.4045996e-01
   6.8089621e-01   3.2602646e-01
   6.8324805e-01   5.5236832e-01
   6.9450951e-01  -1.3070968e-01
   7.0009861e-01   9.2500242e-02
   7.0166332e-01  -7.1250865e-01
   7.3308149e-01  -4.8357008e-01
   7.3608457e-01  -2.4717636e-01
   7.4626979e-01   2.0726111e-01
   7.5346894e-01   4.4575948e-01
   7.5661938e-01   6.5385558e-01
   7.6261512e-01  -1.9276848e-02
   7.9034189e-01  -6.1266606e-01
   7.9688927e-01  -3.7405058e-01
   8.1215589e-01   3.3355064e-01
   8.3156994e-01   5.5542006e-01
   8.4037330e-01  -1.3838552e-01
   8.4857300e-01   9.5510900e-02
   8.5637358e-01  -2.5654356e-01
   8.6374290e-01  -5.0393273e-01
   8.6589564e-01   2.1523640e-01
   8.9112677e-01  -2.4775007e-02
   8.9498513e-01   4.4609597e-01
   9.2131899e-01  -3.8880757e-01
   9.4452154e-01   3.2844947e-01
   9.6338511e-01  -2.6812150e-01
   9.7940580e-01   2.0190168e-01
   9.8834992e-01  -1.5219869e-01
   9.9625812e-01   8.6427708e-02
   9.9941100e-01  -3.4317015e-02
