  -9.9972959e-01   2.3253806e-02
  -9.9969773e-01  -2.4585699e-02
  -9.9772921e-01   6.7352935e-02
  -9.9712240e-01  -7.5808487e-02
  -9.9306526e-01   1.1756441e-01
  -9.9230945e-01  -1.2378191e-01
  -9.8680290e-01   1.6192604e-01
  -9.8576526e-01  -1.6812750e-01
  -9.7725908e-01   2.1204877e-01
  -9.7583370e-01  -2.1851450e-01
  -9.6594853e-01   2.5873429e-01
  -9.6412697e-01  -2.6544149e-01
  -9.5887163e-01  -4.7850258e-02
  -9.5477043e-01   8.8138575e-02
  -9.5336734e-01  -7.3268933e-04
  -9.5333407e-01   3.0191746e-01
  -9.5113222e-01  -3.0878389e-01
  -9.4912430e-01  -9.4830297e-02
  -9.4310681e-01   1.7754289e-01
  -9.4281526e-01   4.3145885e-02
  -9.4205698e-01  -1.8391634e-01
  -9.3656912e-01   1.3183838e-01
  -9.3639455e-01   3.5094906e-01
  -9.3494139e-01  -1.3839981e-01
  -9.3375510e-01  -3.5791257e-01
  -9.2672146e-01   2.2325760e-01
  -9.2528358e-01  -2.2992044e-01
  -9.1785532e-01   3.9691511e-01
  -9.1701900e-01  -4.6859861e-02
  -9.1476109e-01  -4.0399523e-01
  -9.0891935e-01   3.1051238e-01
  -9.0719103e-01   2.6515748e-01
  -9.0694455e-01   8.5838181e-02
  -9.0664454e-01  -3.1741370e-01
  -9.0536724e-01  -2.7205844e-01
  -9.0459347e-01   3.5428602e-04
  -9.0050416e-01  -9.3912427e-02
  -8.9854523e-01   1.7454762e-01
  -8.9727609e-01  -1.8157934e-01
  -8.9713849e-01   4.4174940e-01
  -8.9360362e-01  -4.4885696e-01
  -8.8681814e-01   3.5464945e-01
  -8.8507102e-01   4.2847464e-02
  -8.8424915e-01  -3.6172543e-01
  -8.8189806e-01   1.2907904e-01
  -8.7922398e-01  -1.3695026e-01
  -8.7658564e-01   2.1955538e-01
  -8.7499335e-01  -2.2671879e-01
  -8.7419018e-01   4.8558371e-01
  -8.7189996e-01  -4.6377567e-02
  -8.7024090e-01  -4.9262640e-01
  -8.6676463e-01   3.9826133e-01
  -8.6489260e-01   3.0502915e-01
  -8.6371623e-01  -4.0542271e-01
  -8.6273651e-01  -3.1231711e-01
  -8.5465914e-01   8.5196710e-02
  -8.5311588e-01  -8.6259977e-04
  -8.5118679e-01   2.6062448e-01
  -8.4990623e-01  -9.2179573e-02
  -8.4988762e-01   1.7292714e-01
  -8.4945847e-01  -2.6805298e-01
  -8.4906130e-01   5.2829434e-01
  -8.4805828e-01  -1.8065971e-01
  -8.4519210e-01   4.4128002e-01
  -8.4472849e-01  -5.3519508e-01
  -8.4170544e-01  -4.4844327e-01
  -8.3953583e-01   3.5046610e-01
  -8.3691848e-01  -3.5796580e-01
  -8.2975819e-01   4.1902626e-02
  -8.2803889e-01   1.2829039e-01
  -8.2559819e-01  -1.3589478e-01
  -8.2428738e-01   2.1643257e-01
  -8.2316549e-01  -4.6380050e-02
  -8.2255463e-01  -2.2417637e-01
  -8.2184611e-01   5.6970955e-01
  -8.2169169e-01   4.8346673e-01
  -8.1784500e-01  -4.9056037e-01
  -8.1712994e-01  -5.7645352e-01
  -8.1704170e-01   3.9511109e-01
  -8.1676264e-01   3.0368454e-01
  -8.1469516e-01  -3.1138335e-01
  -8.1388814e-01  -4.0277154e-01
  -8.0163004e-01   8.4605024e-02
  -8.0072859e-01  -1.8968126e-03
  -7.9859692e-01   1.7160786e-01
  -7.9846898e-01  -9.1378325e-02
  -7.9736740e-01   2.5910712e-01
  -7.9680022e-01  -1.7939051e-01
  -7.9628310e-01   5.2456540e-01
  -7.9563110e-01  -2.6698606e-01
  -7.9370216e-01   4.3863957e-01
  -7.9261591e-01   6.0972126e-01
  -7.9223309e-01  -5.3159652e-01
  -7.9055558e-01   3.4888169e-01
  -7.9005581e-01  -4.4651403e-01
  -7.8797136e-01  -3.5678813e-01
  -7.8735141e-01  -6.1650446e-01
  -7.7575411e-01   4.1118283e-02
  -7.7460430e-01   1.2762623e-01
  -7.7267463e-01  -1.3512689e-01
  -7.7244966e-01  -4.6621484e-02
  -7.7182907e-01   2.1516621e-01
  -7.7018934e-01  -2.2310277e-01
  -7.6917078e-01   5.6443053e-01
  -7.6879058e-01   4.8112816e-01
  -7.6697205e-01   3.0314010e-01
  -7.6646809e-01   3.9341697e-01
  -7.6527950e-01  -5.7177300e-01
  -7.6495412e-01  -3.1119671e-01
  -7.6474747e-01  -4.8945085e-01
  -7.6338157e-01  -4.0160604e-01
  -7.6126631e-01   6.4843936e-01
  -7.5411675e-01  -6.5674038e-01
  -7.4853180e-01   8.4067514e-02
  -7.4812166e-01  -2.6778811e-03
  -7.4651332e-01  -9.1017073e-02
  -7.4648373e-01   1.7105892e-01
  -7.4493731e-01  -1.7888594e-01
  -7.4469792e-01   2.5872428e-01
  -7.4304378e-01  -2.6683302e-01
  -7.4218209e-01   5.2278094e-01
  -7.4178015e-01   4.3700735e-01
  -7.4075086e-01   6.0330257e-01
  -7.4052491e-01   3.4804037e-01
  -7.3871509e-01  -6.1391699e-01
  -7.3834243e-01  -4.4572280e-01
  -7.3809233e-01  -5.3231589e-01
  -7.3807332e-01  -3.5635295e-01
  -7.2640870e-01   6.8726298e-01
  -7.2369375e-01  -6.9012126e-01
  -7.2242929e-01   4.0522275e-02
  -7.2158385e-01   1.2732821e-01
  -7.2073205e-01  -4.6897047e-02
  -7.2014329e-01  -1.3490426e-01
  -7.1953232e-01   2.1484170e-01
  -7.1807761e-01  -2.2289772e-01
  -7.1628968e-01   3.0304603e-01
  -7.1584152e-01   4.7987715e-01
  -7.1534336e-01   3.9245656e-01
  -7.1440907e-01  -3.1137596e-01
  -7.1415445e-01   5.6426840e-01
  -7.1271838e-01   6.4416241e-01
  -7.1256615e-01  -4.0124490e-01
  -7.1247215e-01  -4.8979666e-01
  -7.1214472e-01  -5.7811597e-01
  -6.9896250e-01  -6.3540242e-01
  -6.9565554e-01   8.3769495e-02
  -6.9550272e-01  -3.2134434e-03
  -6.9446019e-01   7.1953113e-01
  -6.9436696e-01  -9.1036601e-02
  -6.9422746e-01   1.7097937e-01
  -6.9296493e-01  -1.7889715e-01
  -6.9255232e-01   2.5882029e-01
  -6.9105831e-01  -2.6709892e-01
  -6.8977726e-01   3.4774234e-01
  -6.8971698e-01   4.3627767e-01
  -6.8969899e-01  -7.2409620e-01
  -6.8877061e-01   5.2270667e-01
  -6.8762724e-01  -3.5645433e-01
  -6.8715013e-01  -5.3588065e-01
  -6.8701422e-01  -4.4604519e-01
  -6.8673085e-01   6.0863236e-01
  -6.7263443e-01  -6.7391058e-01
  -6.7220842e-01   6.6520492e-01
  -6.6954795e-01   4.0174582e-02
  -6.6892596e-01   1.2729690e-01
  -6.6863628e-01  -4.7211025e-02
  -6.6786040e-01  -1.3504040e-01
  -6.6741489e-01   2.1495073e-01
  -6.6732572e-01  -5.8718489e-01
  -6.6617444e-01  -2.2312527e-01
  -6.6514536e-01   3.0323450e-01
  -6.6394540e-01   3.9218678e-01
  -6.6351344e-01  -3.1181884e-01
  -6.6334826e-01   4.8002603e-01
  -6.6212853e-01   5.6774612e-01
  -6.6187831e-01  -4.9191940e-01
  -6.6180359e-01  -4.0162295e-01
  -6.5869942e-01   7.5240619e-01
  -6.5354889e-01  -7.5688430e-01
  -6.4514358e-01  -6.2936361e-01
  -6.4469151e-01   7.0285702e-01
  -6.4306436e-01   8.3677636e-02
  -6.4302162e-01  -3.5714238e-03
  -6.4221650e-01  -9.1264718e-02
  -6.4205986e-01   1.7114149e-01
  -6.4133654e-01   6.1907171e-01
  -6.4104552e-01  -1.7919061e-01
  -6.4066739e-01   2.5913717e-01
  -6.3973341e-01  -7.0816279e-01
  -6.3939338e-01  -2.6758231e-01
  -6.3920042e-01  -5.4000849e-01
  -6.3866306e-01   3.4787396e-01
  -6.3793008e-01   4.3654475e-01
  -6.3718387e-01   5.2517458e-01
  -6.3699492e-01  -3.5697025e-01
  -6.3654716e-01  -4.4730163e-01
  -6.1897395e-01   7.8541151e-01
  -6.1740494e-01   6.6135283e-01
  -6.1701952e-01   3.9998781e-02
  -6.1657400e-01   1.2741784e-01
  -6.1649501e-01  -4.7512329e-02
  -6.1605756e-01  -5.8403347e-01
  -6.1577272e-01  -1.3535460e-01
  -6.1571410e-01  -6.6751608e-01
  -6.1546752e-01   2.1524686e-01
  -6.1444214e-01  -2.2355874e-01
  -6.1382099e-01   3.0361865e-01
  -6.1373858e-01   5.7348473e-01
  -6.1367826e-01  -7.8955620e-01
  -6.1261875e-01   3.9256122e-01
  -6.1252868e-01  -3.1243352e-01
  -6.1250351e-01  -4.9386365e-01
  -6.1226123e-01   7.3955224e-01
  -6.1204485e-01   4.8168943e-01
  -6.1134949e-01  -4.0246906e-01
  -6.0683722e-01  -7.4433679e-01
  -5.9075621e-01   8.3702128e-02
  -5.9074724e-01  -3.8096563e-03
  -5.9016926e-01  -9.1565785e-02
  -5.9012497e-01  -6.2529566e-01
  -5.9005310e-01   1.7140471e-01
  -5.8942590e-01   6.1793422e-01
  -5.8924066e-01  -1.7960594e-01
  -5.8896463e-01   2.5955718e-01
  -5.8842486e-01   7.0256814e-01
  -5.8841843e-01  -5.3856126e-01
  -5.8793908e-01  -2.6816029e-01
  -5.8749694e-01   3.4834790e-01
  -5.8745472e-01   5.2842787e-01
  -5.8683223e-01   4.3767518e-01
  -5.8651857e-01  -4.4830540e-01
  -5.8638176e-01  -3.5767108e-01
  -5.8381874e-01  -7.0719960e-01
  -5.8251116e-01   8.1282270e-01
  -5.7729035e-01  -8.1653895e-01
  -5.6895684e-01   7.5684466e-01
  -5.6479049e-01   3.9919428e-02
  -5.6448472e-01   1.2759655e-01
  -5.6446159e-01  -4.7775323e-02
  -5.6386622e-01  -1.3572295e-01
  -5.6369104e-01   2.1560502e-01
  -5.6366169e-01  -7.6106432e-01
  -5.6358946e-01   6.6167423e-01
  -5.6325895e-01  -5.8171210e-01
  -5.6286265e-01  -2.2405717e-01
  -5.6270413e-01   5.7360909e-01
  -5.6251637e-01   3.0412737e-01
  -5.6180931e-01  -4.9323549e-01
  -5.6173060e-01   4.8358803e-01
  -5.6162897e-01   3.9338000e-01
  -5.6156463e-01  -3.1307135e-01
  -5.6096761e-01  -4.0310475e-01
  -5.6092243e-01  -6.6671443e-01
  -5.4068798e-01   7.1150095e-01
  -5.4004525e-01   8.4163598e-01
  -5.3870547e-01   8.3771307e-02
  -5.3869597e-01  -3.9738150e-03
  -5.3858250e-01   7.9398482e-01
  -5.3827541e-01  -9.1865247e-02
  -5.3822754e-01   1.7168329e-01
  -5.3759193e-01   6.1855555e-01
  -5.3757270e-01  -1.8003664e-01
  -5.3743858e-01   2.6000368e-01
  -5.3670920e-01   5.2891126e-01
  -5.3670046e-01  -5.3731702e-01
  -5.3663088e-01  -2.6871238e-01
  -5.3647644e-01   3.4899122e-01
  -5.3640664e-01  -6.2450242e-01
  -5.3625102e-01   4.3882535e-01
  -5.3616269e-01  -7.1591782e-01
  -5.3581116e-01  -4.4809068e-01
  -5.3570526e-01  -3.5818928e-01
  -5.3511887e-01  -8.4477677e-01
  -5.3331389e-01  -7.9759581e-01
  -5.1406068e-01   7.5457934e-01
  -5.1402057e-01   6.6608694e-01
  -5.1281730e-01   3.9883131e-02
  -5.1262363e-01   1.2777310e-01
  -5.1259173e-01  -4.7994483e-02
  -5.1213111e-01  -1.3607319e-01
  -5.1208848e-01   2.1594976e-01
  -5.1173192e-01   5.7420454e-01
  -5.1141159e-01  -2.2451724e-01
  -5.1133443e-01   3.0464407e-01
  -5.1105306e-01   4.8406491e-01
  -5.1088650e-01   3.9411810e-01
  -5.1079877e-01  -5.8105977e-01
  -5.1072256e-01  -6.7095402e-01
  -5.1057558e-01  -3.1354425e-01
  -5.1056930e-01  -4.9260398e-01
  -5.1018701e-01  -4.0312931e-01
  -5.0887368e-01  -7.5812965e-01
  -5.0115948e-01   8.6535494e-01
  -4.9682870e-01  -8.6784863e-01
  -4.9316123e-01   8.0741873e-01
  -4.8877574e-01   7.1104634e-01
  -4.8819801e-01  -8.1024283e-01
  -4.8761295e-01   6.2062569e-01
  -4.8687963e-01   8.3841290e-02
  -4.8685552e-01  -4.0948119e-03
  -4.8658059e-01   1.7192604e-01
  -4.8654639e-01  -9.2128255e-02
  -4.8608111e-01   2.6039458e-01
  -4.8603588e-01  -1.8041443e-01
  -4.8603152e-01   5.2933053e-01
  -4.8557348e-01   3.4949951e-01
  -4.8554380e-01   4.3919263e-01
  -4.8538878e-01  -2.6913083e-01
  -4.8525213e-01  -6.2634274e-01
  -4.8500064e-01  -5.3687736e-01
  -4.8478830e-01  -3.5836264e-01
  -4.8476395e-01  -4.4781722e-01
  -4.8397904e-01  -7.1495904e-01
  -4.6580277e-01   7.5983179e-01
  -4.6311443e-01   6.6600289e-01
  -4.6155230e-01   5.7508716e-01
  -4.6106016e-01   3.9859137e-02
  -4.6095886e-01   1.2791419e-01
  -4.6089188e-01  -4.8172291e-02
  -4.6064517e-01   2.1622384e-01
  -4.6055912e-01  -7.6309786e-01
  -4.6054844e-01  -1.3636709e-01
  -4.6042168e-01   4.8429415e-01
  -4.6024945e-01   3.0500767e-01
  -4.6009182e-01   3.9437974e-01
  -4.6004707e-01  -2.2487172e-01
  -4.5980371e-01   8.4204369e-01
  -4.5953051e-01  -5.8176733e-01
  -4.5948397e-01  -3.1379313e-01
  -4.5925932e-01  -4.9235040e-01
  -4.5918053e-01  -4.0307939e-01
  -4.5902968e-01  -6.7080369e-01
  -4.5582917e-01   8.9006728e-01
  -4.5570139e-01  -8.4416142e-01
  -4.5233557e-01  -8.9184782e-01
  -4.3936491e-01   7.1275010e-01
  -4.3786753e-01   8.0117894e-01
  -4.3714230e-01   6.2039848e-01
  -4.3568190e-01   5.2959899e-01
  -4.3524430e-01   8.3889974e-02
  -4.3520037e-01  -4.1903870e-03
  -4.3509124e-01   1.7210089e-01
  -4.3497008e-01  -9.2341134e-02
  -4.3484937e-01   4.3928138e-01
  -4.3484191e-01   2.6064664e-01
  -4.3465016e-01   3.4968727e-01
  -4.3460552e-01  -1.8070416e-01
  -4.3415201e-01  -2.6939333e-01
  -4.3410058e-01  -7.1706328e-01
  -4.3380324e-01  -5.3711386e-01
  -4.3373629e-01  -6.2636256e-01
  -4.3373327e-01  -3.5845112e-01
  -4.3362648e-01  -4.4771362e-01
  -4.3287362e-01  -8.0348367e-01
  -4.1425431e-01   9.1016118e-01
  -4.1365403e-01   7.5638747e-01
  -4.1317288e-01   6.6609588e-01
  -4.1282829e-01   8.5193456e-01
  -4.1187805e-01  -9.1123898e-01
  -4.1114973e-01   5.7468572e-01
  -4.0990428e-01   4.8425378e-01
  -4.0948174e-01   3.9832910e-02
  -4.0945611e-01   1.2800344e-01
  -4.0940487e-01  -8.5337552e-01
  -4.0934581e-01  -4.8312936e-02
  -4.0932079e-01   2.1638611e-01
  -4.0928356e-01   3.9439450e-01
  -4.0918341e-01   3.0514167e-01
  -4.0909162e-01  -1.3659062e-01
  -4.0873569e-01  -2.2511251e-01
  -4.0834077e-01  -3.1395285e-01
  -4.0831975e-01  -6.7172466e-01
  -4.0819852e-01  -5.8175958e-01
  -4.0813421e-01  -4.9242991e-01
  -4.0809370e-01  -4.0309004e-01
  -4.0773148e-01  -7.6008563e-01
  -3.8862897e-01   8.0315633e-01
  -3.8835664e-01   7.1036755e-01
  -3.8694520e-01   6.1980812e-01
  -3.8519065e-01   5.2909022e-01
  -3.8416383e-01   4.3911942e-01
  -3.8376431e-01   8.3908909e-02
  -3.8372382e-01   1.7219192e-01
  -3.8371164e-01   3.4967364e-01
  -3.8370045e-01  -4.2694867e-03
  -3.8365937e-01   2.6073422e-01
  -3.8352368e-01  -9.2502641e-02
  -3.8325830e-01  -1.8090766e-01
  -3.8321438e-01  -8.0663992e-01
  -3.8293268e-01  -2.6957279e-01
  -3.8270023e-01  -6.2670884e-01
  -3.8262989e-01  -3.5853876e-01
  -3.8259125e-01  -5.3709421e-01
  -3.8254002e-01  -4.4776829e-01
  -3.8225914e-01  -7.1578980e-01
  -3.7600357e-01   8.8340976e-01
  -3.7444712e-01  -8.8370572e-01
  -3.6586829e-01   9.3066664e-01
  -3.6502142e-01  -9.3099912e-01
  -3.6359104e-01   7.5546485e-01
  -3.6248192e-01   6.6418403e-01
  -3.6074976e-01   5.7383616e-01
  -3.5925833e-01   4.8374624e-01
  -3.5844434e-01   3.9421090e-01
  -3.5812350e-01   3.0511921e-01
  -3.5807859e-01   1.2803706e-01
  -3.5807083e-01   2.1643350e-01
  -3.5804715e-01   3.9799306e-02
  -3.5792931e-01  -4.8421574e-02
  -3.5773664e-01  -1.3675063e-01
  -3.5765521e-01   8.4188425e-01
  -3.5747779e-01  -2.2528156e-01
  -3.5719392e-01  -3.1407980e-01
  -3.5706987e-01  -5.8187484e-01
  -3.5701301e-01  -4.0316476e-01
  -3.5699485e-01  -4.9242893e-01
  -3.5697821e-01  -7.6123010e-01
  -3.5684259e-01  -6.7112176e-01
  -3.5299378e-01  -8.4499015e-01
  -3.3789898e-01   7.0860229e-01
  -3.3631467e-01   6.1811667e-01
  -3.3584826e-01   7.9700221e-01
  -3.3457765e-01   5.2825309e-01
  -3.3336272e-01   4.3867697e-01
  -3.3274196e-01   3.4951169e-01
  -3.3250938e-01   2.6070689e-01
  -3.3244233e-01   1.7220603e-01
  -3.3240544e-01   8.3898360e-02
  -3.3232603e-01  -4.3368051e-03
  -3.3218435e-01  -9.2620931e-02
  -3.3198635e-01  -1.8105226e-01
  -3.3174852e-01  -2.6970798e-01
  -3.3153257e-01  -3.5863740e-01
  -3.3145788e-01  -5.3713869e-01
  -3.3143931e-01  -4.4779998e-01
  -3.3135043e-01  -6.2642840e-01
  -3.3123659e-01  -7.1606896e-01
  -3.2921650e-01  -8.0339541e-01
  -3.2781408e-01   8.9020900e-01
  -3.2743037e-01  -8.9530964e-01
  -3.2116498e-01   9.4702326e-01
  -3.2016932e-01  -9.4736034e-01
  -3.1184823e-01   6.6215433e-01
  -3.1180407e-01   7.5133926e-01
  -3.0999590e-01   5.7244228e-01
  -3.0846292e-01   4.8303176e-01
  -3.0782247e-01   8.4183163e-01
  -3.0751246e-01   3.9385693e-01
  -3.0705294e-01   3.0498957e-01
  -3.0687076e-01   2.1640131e-01
  -3.0679338e-01   1.2802417e-01
  -3.0672492e-01   3.9758211e-02
  -3.0661850e-01  -4.8505140e-02
  -3.0646867e-01  -1.3686589e-01
  -3.0627707e-01  -2.2540622e-01
  -3.0607240e-01  -3.1418967e-01
  -3.0592709e-01  -4.0322692e-01
  -3.0588388e-01  -4.9246840e-01
  -3.0581108e-01  -5.8175930e-01
  -3.0564925e-01  -6.7119647e-01
  -3.0464118e-01  -7.5968924e-01
  -3.0361301e-01  -8.5136592e-01
  -2.8695881e-01   9.1811753e-01
  -2.8664509e-01   7.0519961e-01
  -2.8544610e-01   6.1634267e-01
  -2.8496464e-01   7.9504615e-01
  -2.8368079e-01   5.2716016e-01
  -2.8242740e-01   4.3811305e-01
  -2.8187978e-01  -9.0200720e-01
  -2.8171011e-01   3.4924431e-01
  -2.8137284e-01   2.6060569e-01
  -2.8122263e-01   1.7216893e-01
  -2.8113820e-01   8.3865417e-02
  -2.8105081e-01  -4.3954243e-03
  -2.8093416e-01  -9.2708577e-02
  -2.8078405e-01  -1.8115794e-01
  -2.8060953e-01  -2.6981455e-01
  -2.8044656e-01  -3.5871844e-01
  -2.8035261e-01  -4.4785413e-01
  -2.8027400e-01  -5.3711585e-01
  -2.8011784e-01  -6.2648001e-01
  -2.7949126e-01  -7.1545884e-01
  -2.7908485e-01  -8.0582373e-01
  -2.7771437e-01  -9.6066369e-01
  -2.7304887e-01   8.7793207e-01
  -2.6909128e-01   9.6311468e-01
  -2.6087641e-01   7.4819029e-01
  -2.6054552e-01   6.5959779e-01
  -2.5895927e-01   5.7103161e-01
  -2.5744960e-01   4.8220584e-01
  -2.5647779e-01   3.9343465e-01
  -2.5595253e-01   3.0479455e-01
  -2.5570202e-01   2.1632143e-01
  -2.5557653e-01   1.2798256e-01
  -2.5548892e-01   3.9712647e-02
  -2.5546360e-01  -8.5269375e-01
  -2.5539326e-01  -4.8570896e-02
  -2.5527557e-01  -1.3695063e-01
  -2.5513310e-01  -2.2550034e-01
  -2.5498064e-01  -3.1427574e-01
  -2.5485763e-01  -4.0329455e-01
  -2.5476069e-01  -4.9249830e-01
  -2.5461383e-01  -5.8183002e-01
  -2.5440984e-01   8.3543993e-01
  -2.5417481e-01  -6.7104020e-01
  -2.5380612e-01  -7.6083492e-01
  -2.4503299e-01  -9.2821956e-01
  -2.3769296e-01   9.2550475e-01
  -2.3522026e-01   7.0252147e-01
  -2.3408381e-01   6.1445745e-01
  -2.3327448e-01   7.8943734e-01
  -2.3253653e-01   5.2609153e-01
  -2.3133257e-01   4.3750869e-01
  -2.3061071e-01   3.4894048e-01
  -2.3023406e-01   2.6046551e-01
  -2.3004641e-01   1.7210404e-01
  -2.2994010e-01   8.3820834e-02
  -2.2985326e-01  -4.4469092e-03
  -2.2975761e-01  -9.2774728e-02
  -2.2964400e-01  -1.8123614e-01
  -2.2951422e-01  -2.6989486e-01
  -2.2938620e-01  -3.5879111e-01
  -2.2927490e-01  -4.4791033e-01
  -2.2913571e-01  -5.3720447e-01
  -2.2888127e-01  -8.0644589e-01
  -2.2880882e-01  -6.2653029e-01
  -2.2839758e-01  -7.1614571e-01
  -2.2833285e-01  -9.7358313e-01
  -2.2521792e-01  -8.8844148e-01
  -2.2368701e-01   8.8252564e-01
  -2.1882960e-01   9.7576309e-01
  -2.0892735e-01   6.5751936e-01
  -2.0880720e-01   7.4443734e-01
  -2.0756497e-01   5.6965839e-01
  -2.0624269e-01   4.8142450e-01
  -2.0578049e-01   8.3298729e-01
  -2.0533335e-01   3.9300650e-01
  -2.0481731e-01   3.0458234e-01
  -2.0455048e-01   2.1622048e-01
  -2.0440978e-01   1.2792804e-01
  -2.0431886e-01   3.9667330e-02
  -2.0423630e-01  -4.8623189e-02
  -2.0414526e-01  -1.3701328e-01
  -2.0403960e-01  -2.2556935e-01
  -2.0392420e-01  -3.1434487e-01
  -2.0381022e-01  -4.0335911e-01
  -2.0367984e-01  -4.9259116e-01
  -2.0342799e-01  -5.8196006e-01
  -2.0303276e-01  -6.7154195e-01
  -2.0287846e-01  -7.6138194e-01
  -2.0076030e-01  -8.4720137e-01
  -1.9608486e-01  -9.3418416e-01
  -1.8996125e-01   9.3311868e-01
  -1.8310133e-01   6.9992998e-01
  -1.8242286e-01   6.1290340e-01
  -1.8216763e-01   7.8706548e-01
  -1.8113420e-01   5.2510906e-01
  -1.8092440e-01  -9.8349701e-01
  -1.8009635e-01   4.3695734e-01
  -1.7944309e-01   3.4864684e-01
  -1.7912774e-01   8.7634865e-01
  -1.7908662e-01   2.6031995e-01
  -1.7889974e-01   1.7203028e-01
  -1.7879362e-01   8.3773966e-02
  -1.7871579e-01  -4.4907175e-03
  -1.7864027e-01  -9.2824507e-02
  -1.7855609e-01  -1.8129260e-01
  -1.7846043e-01  -2.6995504e-01
  -1.7835619e-01  -3.5885274e-01
  -1.7823849e-01  -4.4799514e-01
  -1.7804369e-01  -5.3734690e-01
  -1.7770699e-01  -6.2692747e-01
  -1.7730807e-01  -7.1669204e-01
  -1.7582000e-01  -8.0460208e-01
  -1.7330906e-01  -8.9223030e-01
  -1.6849602e-01   9.8570233e-01
  -1.5690971e-01   7.4244519e-01
  -1.5687090e-01   6.5568763e-01
  -1.5592349e-01   5.6853152e-01
  -1.5545817e-01   8.2951934e-01
  -1.5485169e-01   4.8074231e-01
  -1.5409330e-01   3.9263220e-01
  -1.5364712e-01   3.0438667e-01
  -1.5340820e-01   2.1612134e-01
  -1.5327891e-01   1.2787306e-01
  -1.5319831e-01   3.9626792e-02
  -1.5313230e-01  -4.8663669e-02
  -1.5306506e-01  -1.3705831e-01
  -1.5298923e-01  -2.2561881e-01
  -1.5290259e-01  -3.1439792e-01
  -1.5280230e-01  -4.0342896e-01
  -1.5265397e-01  -4.9271352e-01
  -1.5239290e-01  -5.8226605e-01
  -1.5197235e-01  -6.7205387e-01
  -1.5084734e-01  -7.6111989e-01
  -1.4966880e-01   9.1057008e-01
  -1.4887404e-01  -8.4997252e-01
  -1.4853363e-01  -9.4145441e-01
  -1.3529022e-01   9.5316195e-01
  -1.3382712e-01  -9.9100469e-01
  -1.3097428e-01   6.9834083e-01
  -1.3046035e-01   6.1161053e-01
  -1.3042798e-01   7.8480542e-01
  -1.2953887e-01   5.2432558e-01
  -1.2873395e-01   4.3650308e-01
  -1.2821792e-01   3.4840250e-01
  -1.2792846e-01   2.6019234e-01
  -1.2777300e-01   1.7196291e-01
  -1.2768452e-01   8.3732238e-02
  -1.2762320e-01  -4.5254378e-03
  -1.2756825e-01  -9.2860311e-02
  -1.2750970e-01  -1.8133182e-01
  -1.2744242e-01  -2.6999793e-01
  -1.2736265e-01  -3.5890645e-01
  -1.2725333e-01  -4.4808613e-01
  -1.2706670e-01  -5.3756550e-01
  -1.2672596e-01  -6.2734746e-01
  -1.2616997e-01   8.6817060e-01
  -1.2589221e-01  -7.1703268e-01
  -1.2438265e-01  -8.0680577e-01
  -1.2356181e-01  -8.9802864e-01
  -1.1136699e-01   9.9377935e-01
  -1.0475198e-01   7.4081988e-01
  -1.0472372e-01   6.5447930e-01
  -1.0406076e-01   5.6765115e-01
  -1.0331952e-01   4.8022831e-01
  -1.0277358e-01   3.9234412e-01
  -1.0244855e-01   3.0423254e-01
  -1.0238859e-01   8.2552546e-01
  -1.0227042e-01   2.1603998e-01
  -1.0217292e-01   1.2782731e-01
  -1.0211319e-01   3.9594873e-02
  -1.0206706e-01  -4.8692643e-02
  -1.0202247e-01  -1.3708869e-01
  -1.0197277e-01  -2.2565201e-01
  -1.0191370e-01  -3.1443771e-01
  -1.0183665e-01  -4.0349065e-01
  -1.0171374e-01  -4.9285437e-01
  -1.0147878e-01  -5.8256619e-01
  -1.0091390e-01  -6.7250514e-01
  -1.0062191e-01   9.1305542e-01
  -1.0025354e-01  -9.4721584e-01
  -9.9824311e-02  -7.6284470e-01
  -9.8736559e-02  -8.5429357e-01
  -8.7318129e-02  -9.9618048e-01
  -8.0070571e-02   9.5625774e-01
  -7.8700997e-02   6.9714660e-01
  -7.8372563e-02   6.1076098e-01
  -7.7782736e-02   5.2376777e-01
  -7.7643080e-02   7.8255100e-01
  -7.7278227e-02   4.3618884e-01
  -7.6948818e-02   3.4822800e-01
  -7.6761203e-02   2.6009935e-01
  -7.6659013e-02   1.7191248e-01
  -7.6600860e-02   8.3701327e-02
  -7.6561716e-02  -4.5495538e-03
  -7.6528252e-02  -9.2883539e-02
  -7.6493494e-02  -1.8135647e-01
  -7.6452979e-02  -2.7002648e-01
  -7.6401798e-02  -3.5894658e-01
  -7.6327447e-02  -4.4816818e-01
  -7.6188475e-02  -5.3774867e-01
  -7.5849718e-02  -6.2770463e-01
  -7.5598792e-02   8.6954811e-01
  -7.5153162e-02  -7.1823159e-01
  -7.4216547e-02  -8.0988131e-01
  -7.4154740e-02  -9.0273090e-01
  -5.5466263e-02   9.9846056e-01
  -5.2447569e-02   6.5366096e-01
  -5.2157534e-02   7.3940983e-01
  -5.2075191e-02   5.6712542e-01
  -5.1681253e-02   4.7991026e-01
  -5.1400829e-02   3.9216424e-01
  -5.1229540e-02   3.0413431e-01
  -5.1134802e-02   2.1598733e-01
  -5.1082639e-02   1.2779730e-01
  -5.1050973e-02   3.9574532e-02
  -5.1027245e-02  -4.8710099e-02
  -5.1018011e-02   8.2596177e-01
  -5.1004953e-02  -1.3710618e-01
  -5.0980214e-02  -2.2567132e-01
  -5.0949696e-02  -3.1446300e-01
  -5.0908906e-02  -4.0353568e-01
  -5.0840526e-02  -4.9294915e-01
  -5.0815678e-02  -9.5116726e-01
  -5.0672672e-02  -5.8277468e-01
  -5.0383180e-02   9.1423198e-01
  -5.0297616e-02  -6.7322231e-01
  -4.9709821e-02  -7.6474945e-01
  -4.9179418e-02  -8.5773625e-01
  -4.2317956e-02  -9.9910419e-01
  -2.6546903e-02   9.5805360e-01
  -2.6191118e-02   6.9628118e-01
  -2.6162321e-02   6.1029717e-01
  -2.5935600e-02   5.2350313e-01
  -2.5812787e-02   7.8246984e-01
  -2.5765194e-02   4.3602525e-01
  -2.5652855e-02   3.4813769e-01
  -2.5587745e-02   2.6005056e-01
  -2.5552236e-02   1.7188569e-01
  -2.5531997e-02   8.3684949e-02
  -2.5518557e-02  -4.5619135e-03
  -2.5507306e-02  -9.2894958e-02
  -2.5495770e-02  -1.8136838e-01
  -2.5482110e-02  -2.7004077e-01
  -2.5464449e-02  -3.5896993e-01
  -2.5439350e-02  -4.4821147e-01
  -2.5382275e-02  -5.3783754e-01
  -2.5241477e-02  -6.2804074e-01
  -2.5167725e-02   8.7022788e-01
  -2.4987987e-02  -7.1921885e-01
  -2.4674955e-02  -8.1181543e-01
  -2.4638839e-02  -9.0587325e-01
  -8.6733214e-09  -9.5347263e-01
  -6.0967702e-10  -8.5903706e-01
  -5.5581298e-10   1.0000000e+00
  -1.0124145e-10   9.1476552e-01
  -8.3223865e-11   5.6696528e-01
  -7.9369671e-11   4.7980527e-01
  -5.9085167e-11   3.9210197e-01
  -5.7951650e-11   6.5325519e-01
  -3.6223749e-11   3.0410091e-01
  -1.8038951e-11   2.1596910e-01
  -1.2505840e-11   7.3921239e-01
  -6.1258002e-12   1.2778690e-01
  -7.5146729e-13   8.2614891e-01
   8.0507337e-13   3.9567547e-02
   4.8031966e-12  -4.8715925e-02
   7.7945287e-12  -1.3711191e-01
   1.1547268e-11  -2.2567760e-01
   1.8014778e-11  -3.1447204e-01
   2.9654814e-11  -4.0355241e-01
   4.9573171e-11  -4.9297517e-01
   8.1372707e-11  -5.8287329e-01
   8.3276784e-11  -7.6551754e-01
   1.1891059e-10  -6.7356995e-01
   1.4069282e-08  -1.0000000e+00
   2.4638834e-02  -9.0587325e-01
   2.4674954e-02  -8.1181543e-01
   2.4987987e-02  -7.1921885e-01
   2.5167725e-02   8.7022788e-01
   2.5241477e-02  -6.2804074e-01
   2.5382275e-02  -5.3783754e-01
   2.5439350e-02  -4.4821147e-01
   2.5464449e-02  -3.5896993e-01
   2.5482110e-02  -2.7004077e-01
   2.5495770e-02  -1.8136838e-01
   2.5507306e-02  -9.2894958e-02
   2.5518557e-02  -4.5619135e-03
   2.5531997e-02   8.3684949e-02
   2.5552236e-02   1.7188569e-01
   2.5587745e-02   2.6005056e-01
   2.5652855e-02   3.4813769e-01
   2.5765194e-02   4.3602525e-01
   2.5812787e-02   7.8246984e-01
   2.5935600e-02   5.2350313e-01
   2.6162321e-02   6.1029717e-01
   2.6191118e-02   6.9628118e-01
   2.6546904e-02   9.5805360e-01
   4.2317978e-02  -9.9910419e-01
   4.9179416e-02  -8.5773625e-01
   4.9709821e-02  -7.6474945e-01
   5.0297617e-02  -6.7322231e-01
   5.0383180e-02   9.1423198e-01
   5.0672672e-02  -5.8277468e-01
   5.0815668e-02  -9.5116727e-01
   5.0840526e-02  -4.9294915e-01
   5.0908906e-02  -4.0353568e-01
   5.0949696e-02  -3.1446300e-01
   5.0980214e-02  -2.2567132e-01
   5.1004953e-02  -1.3710618e-01
   5.1018011e-02   8.2596177e-01
   5.1027245e-02  -4.8710099e-02
   5.1050973e-02   3.9574532e-02
   5.1082639e-02   1.2779730e-01
   5.1134802e-02   2.1598733e-01
   5.1229540e-02   3.0413431e-01
   5.1400829e-02   3.9216424e-01
   5.1681253e-02   4.7991026e-01
   5.2075191e-02   5.6712542e-01
   5.2157534e-02   7.3940983e-01
   5.2447569e-02   6.5366096e-01
   5.5466262e-02   9.9846056e-01
   7.4154736e-02  -9.0273090e-01
   7.4216546e-02  -8.0988131e-01
   7.5153162e-02  -7.1823159e-01
   7.5598792e-02   8.6954811e-01
   7.5849718e-02  -6.2770463e-01
   7.6188475e-02  -5.3774867e-01
   7.6327447e-02  -4.4816818e-01
   7.6401798e-02  -3.5894658e-01
   7.6452979e-02  -2.7002648e-01
   7.6493494e-02  -1.8135647e-01
   7.6528252e-02  -9.2883539e-02
   7.6561716e-02  -4.5495538e-03
   7.6600860e-02   8.3701327e-02
   7.6659013e-02   1.7191248e-01
   7.6761203e-02   2.6009935e-01
   7.6948818e-02   3.4822799e-01
   7.7278227e-02   4.3618884e-01
   7.7643080e-02   7.8255100e-01
   7.7782736e-02   5.2376777e-01
   7.8372563e-02   6.1076098e-01
   7.8700997e-02   6.9714660e-01
   8.0070571e-02   9.5625774e-01
   8.7318141e-02  -9.9618048e-01
   9.8736557e-02  -8.5429357e-01
   9.9824310e-02  -7.6284470e-01
   1.0025353e-01  -9.4721584e-01
   1.0062191e-01   9.1305542e-01
   1.0091390e-01  -6.7250514e-01
   1.0147878e-01  -5.8256619e-01
   1.0171374e-01  -4.9285437e-01
   1.0183665e-01  -4.0349065e-01
   1.0191370e-01  -3.1443771e-01
   1.0197277e-01  -2.2565201e-01
   1.0202247e-01  -1.3708869e-01
   1.0206706e-01  -4.8692643e-02
   1.0211319e-01   3.9594873e-02
   1.0217292e-01   1.2782731e-01
   1.0227042e-01   2.1603998e-01
   1.0238859e-01   8.2552546e-01
   1.0244855e-01   3.0423254e-01
   1.0277358e-01   3.9234412e-01
   1.0331952e-01   4.8022831e-01
   1.0406076e-01   5.6765115e-01
   1.0472372e-01   6.5447930e-01
   1.0475198e-01   7.4081988e-01
   1.1136699e-01   9.9377935e-01
   1.2356181e-01  -8.9802864e-01
   1.2438265e-01  -8.0680577e-01
   1.2589221e-01  -7.1703269e-01
   1.2616997e-01   8.6817060e-01
   1.2672596e-01  -6.2734746e-01
   1.2706670e-01  -5.3756550e-01
   1.2725333e-01  -4.4808613e-01
   1.2736265e-01  -3.5890645e-01
   1.2744242e-01  -2.6999793e-01
   1.2750970e-01  -1.8133182e-01
   1.2756825e-01  -9.2860311e-02
   1.2762320e-01  -4.5254378e-03
   1.2768452e-01   8.3732238e-02
   1.2777300e-01   1.7196291e-01
   1.2792846e-01   2.6019234e-01
   1.2821792e-01   3.4840250e-01
   1.2873395e-01   4.3650307e-01
   1.2953887e-01   5.2432558e-01
   1.3042798e-01   7.8480542e-01
   1.3046035e-01   6.1161053e-01
   1.3097428e-01   6.9834083e-01
   1.3382713e-01  -9.9100469e-01
   1.3529023e-01   9.5316195e-01
   1.4853363e-01  -9.4145441e-01
   1.4887404e-01  -8.4997252e-01
   1.4966880e-01   9.1057008e-01
   1.5084734e-01  -7.6111989e-01
   1.5197235e-01  -6.7205387e-01
   1.5239291e-01  -5.8226605e-01
   1.5265397e-01  -4.9271352e-01
   1.5280230e-01  -4.0342896e-01
   1.5290259e-01  -3.1439792e-01
   1.5298923e-01  -2.2561881e-01
   1.5306506e-01  -1.3705831e-01
   1.5313230e-01  -4.8663669e-02
   1.5319831e-01   3.9626792e-02
   1.5327891e-01   1.2787306e-01
   1.5340820e-01   2.1612134e-01
   1.5364712e-01   3.0438667e-01
   1.5409330e-01   3.9263220e-01
   1.5485169e-01   4.8074231e-01
   1.5545817e-01   8.2951934e-01
   1.5592349e-01   5.6853152e-01
   1.5687090e-01   6.5568763e-01
   1.5690971e-01   7.4244519e-01
   1.6849602e-01   9.8570233e-01
   1.7330906e-01  -8.9223030e-01
   1.7582000e-01  -8.0460208e-01
   1.7730807e-01  -7.1669204e-01
   1.7770699e-01  -6.2692747e-01
   1.7804369e-01  -5.3734690e-01
   1.7823849e-01  -4.4799514e-01
   1.7835619e-01  -3.5885274e-01
   1.7846043e-01  -2.6995504e-01
   1.7855609e-01  -1.8129260e-01
   1.7864027e-01  -9.2824507e-02
   1.7871579e-01  -4.4907175e-03
   1.7879362e-01   8.3773966e-02
   1.7889974e-01   1.7203028e-01
   1.7908662e-01   2.6031995e-01
   1.7912774e-01   8.7634865e-01
   1.7944309e-01   3.4864684e-01
   1.8009635e-01   4.3695734e-01
   1.8092441e-01  -9.8349701e-01
   1.8113420e-01   5.2510906e-01
   1.8216763e-01   7.8706548e-01
   1.8242286e-01   6.1290340e-01
   1.8310133e-01   6.9992998e-01
   1.8996125e-01   9.3311868e-01
   1.9608486e-01  -9.3418416e-01
   2.0076030e-01  -8.4720137e-01
   2.0287846e-01  -7.6138194e-01
   2.0303276e-01  -6.7154195e-01
   2.0342799e-01  -5.8196006e-01
   2.0367984e-01  -4.9259116e-01
   2.0381022e-01  -4.0335911e-01
   2.0392420e-01  -3.1434487e-01
   2.0403960e-01  -2.2556935e-01
   2.0414526e-01  -1.3701328e-01
   2.0423630e-01  -4.8623189e-02
   2.0431886e-01   3.9667330e-02
   2.0440978e-01   1.2792804e-01
   2.0455048e-01   2.1622048e-01
   2.0481731e-01   3.0458234e-01
   2.0533335e-01   3.9300650e-01
   2.0578049e-01   8.3298729e-01
   2.0624269e-01   4.8142450e-01
   2.0756497e-01   5.6965839e-01
   2.0880720e-01   7.4443734e-01
   2.0892735e-01   6.5751936e-01
   2.1882960e-01   9.7576309e-01
   2.2368701e-01   8.8252564e-01
   2.2521792e-01  -8.8844148e-01
   2.2833285e-01  -9.7358313e-01
   2.2839758e-01  -7.1614571e-01
   2.2880882e-01  -6.2653030e-01
   2.2888127e-01  -8.0644589e-01
   2.2913571e-01  -5.3720447e-01
   2.2927490e-01  -4.4791033e-01
   2.2938620e-01  -3.5879111e-01
   2.2951422e-01  -2.6989486e-01
   2.2964400e-01  -1.8123614e-01
   2.2975761e-01  -9.2774728e-02
   2.2985326e-01  -4.4469092e-03
   2.2994010e-01   8.3820834e-02
   2.3004641e-01   1.7210404e-01
   2.3023406e-01   2.6046551e-01
   2.3061071e-01   3.4894048e-01
   2.3133257e-01   4.3750869e-01
   2.3253653e-01   5.2609153e-01
   2.3327448e-01   7.8943734e-01
   2.3408381e-01   6.1445745e-01
   2.3522026e-01   7.0252147e-01
   2.3769296e-01   9.2550475e-01
   2.4503299e-01  -9.2821956e-01
   2.5380612e-01  -7.6083492e-01
   2.5417481e-01  -6.7104020e-01
   2.5440984e-01   8.3543993e-01
   2.5461383e-01  -5.8183002e-01
   2.5476069e-01  -4.9249830e-01
   2.5485763e-01  -4.0329455e-01
   2.5498064e-01  -3.1427574e-01
   2.5513310e-01  -2.2550034e-01
   2.5527557e-01  -1.3695063e-01
   2.5539326e-01  -4.8570896e-02
   2.5546360e-01  -8.5269375e-01
   2.5548892e-01   3.9712647e-02
   2.5557653e-01   1.2798256e-01
   2.5570202e-01   2.1632143e-01
   2.5595253e-01   3.0479455e-01
   2.5647779e-01   3.9343465e-01
   2.5744960e-01   4.8220584e-01
   2.5895927e-01   5.7103161e-01
   2.6054552e-01   6.5959779e-01
   2.6087641e-01   7.4819029e-01
   2.6909127e-01   9.6311468e-01
   2.7304887e-01   8.7793207e-01
   2.7771437e-01  -9.6066369e-01
   2.7908484e-01  -8.0582373e-01
   2.7949126e-01  -7.1545884e-01
   2.8011784e-01  -6.2648001e-01
   2.8027400e-01  -5.3711585e-01
   2.8035261e-01  -4.4785413e-01
   2.8044656e-01  -3.5871844e-01
   2.8060953e-01  -2.6981455e-01
   2.8078405e-01  -1.8115794e-01
   2.8093416e-01  -9.2708577e-02
   2.8105081e-01  -4.3954243e-03
   2.8113820e-01   8.3865417e-02
   2.8122263e-01   1.7216893e-01
   2.8137284e-01   2.6060569e-01
   2.8171011e-01   3.4924431e-01
   2.8187978e-01  -9.0200720e-01
   2.8242740e-01   4.3811305e-01
   2.8368079e-01   5.2716016e-01
   2.8496464e-01   7.9504615e-01
   2.8544610e-01   6.1634267e-01
   2.8664509e-01   7.0519961e-01
   2.8695881e-01   9.1811753e-01
   3.0361301e-01  -8.5136592e-01
   3.0464118e-01  -7.5968924e-01
   3.0564925e-01  -6.7119647e-01
   3.0581108e-01  -5.8175930e-01
   3.0588388e-01  -4.9246840e-01
   3.0592709e-01  -4.0322692e-01
   3.0607240e-01  -3.1418967e-01
   3.0627707e-01  -2.2540622e-01
   3.0646867e-01  -1.3686589e-01
   3.0661850e-01  -4.8505140e-02
   3.0672492e-01   3.9758211e-02
   3.0679338e-01   1.2802417e-01
   3.0687076e-01   2.1640131e-01
   3.0705294e-01   3.0498957e-01
   3.0751246e-01   3.9385693e-01
   3.0782247e-01   8.4183163e-01
   3.0846292e-01   4.8303175e-01
   3.0999590e-01   5.7244228e-01
   3.1180407e-01   7.5133926e-01
   3.1184823e-01   6.6215433e-01
   3.2016932e-01  -9.4736034e-01
   3.2116498e-01   9.4702326e-01
   3.2743037e-01  -8.9530964e-01
   3.2781407e-01   8.9020900e-01
   3.2921650e-01  -8.0339541e-01
   3.3123659e-01  -7.1606896e-01
   3.3135043e-01  -6.2642840e-01
   3.3143931e-01  -4.4779998e-01
   3.3145788e-01  -5.3713869e-01
   3.3153257e-01  -3.5863740e-01
   3.3174852e-01  -2.6970798e-01
   3.3198635e-01  -1.8105226e-01
   3.3218435e-01  -9.2620931e-02
   3.3232603e-01  -4.3368051e-03
   3.3240544e-01   8.3898360e-02
   3.3244233e-01   1.7220603e-01
   3.3250938e-01   2.6070689e-01
   3.3274196e-01   3.4951169e-01
   3.3336272e-01   4.3867697e-01
   3.3457765e-01   5.2825309e-01
   3.3584826e-01   7.9700221e-01
   3.3631467e-01   6.1811667e-01
   3.3789898e-01   7.0860229e-01
   3.5299378e-01  -8.4499015e-01
   3.5684259e-01  -6.7112176e-01
   3.5697821e-01  -7.6123010e-01
   3.5699485e-01  -4.9242893e-01
   3.5701301e-01  -4.0316476e-01
   3.5706987e-01  -5.8187484e-01
   3.5719392e-01  -3.1407980e-01
   3.5747779e-01  -2.2528156e-01
   3.5765521e-01   8.4188425e-01
   3.5773664e-01  -1.3675063e-01
   3.5792931e-01  -4.8421574e-02
   3.5804715e-01   3.9799306e-02
   3.5807083e-01   2.1643350e-01
   3.5807859e-01   1.2803706e-01
   3.5812350e-01   3.0511921e-01
   3.5844434e-01   3.9421090e-01
   3.5925833e-01   4.8374624e-01
   3.6074976e-01   5.7383616e-01
   3.6248192e-01   6.6418403e-01
   3.6359104e-01   7.5546485e-01
   3.6502142e-01  -9.3099912e-01
   3.6586829e-01   9.3066664e-01
   3.7444712e-01  -8.8370572e-01
   3.7600357e-01   8.8340976e-01
   3.8225914e-01  -7.1578981e-01
   3.8254002e-01  -4.4776829e-01
   3.8259125e-01  -5.3709421e-01
   3.8262989e-01  -3.5853876e-01
   3.8270023e-01  -6.2670884e-01
   3.8293268e-01  -2.6957279e-01
   3.8321438e-01  -8.0663992e-01
   3.8325830e-01  -1.8090766e-01
   3.8352368e-01  -9.2502641e-02
   3.8365937e-01   2.6073422e-01
   3.8370045e-01  -4.2694867e-03
   3.8371164e-01   3.4967364e-01
   3.8372382e-01   1.7219192e-01
   3.8376431e-01   8.3908909e-02
   3.8416383e-01   4.3911942e-01
   3.8519065e-01   5.2909022e-01
   3.8694520e-01   6.1980812e-01
   3.8835664e-01   7.1036755e-01
   3.8862897e-01   8.0315633e-01
   4.0773148e-01  -7.6008563e-01
   4.0809370e-01  -4.0309004e-01
   4.0813421e-01  -4.9242991e-01
   4.0819852e-01  -5.8175958e-01
   4.0831975e-01  -6.7172466e-01
   4.0834077e-01  -3.1395285e-01
   4.0873569e-01  -2.2511251e-01
   4.0909162e-01  -1.3659062e-01
   4.0918341e-01   3.0514167e-01
   4.0928356e-01   3.9439450e-01
   4.0932079e-01   2.1638611e-01
   4.0934581e-01  -4.8312936e-02
   4.0940487e-01  -8.5337552e-01
   4.0945611e-01   1.2800344e-01
   4.0948174e-01   3.9832910e-02
   4.0990428e-01   4.8425378e-01
   4.1114973e-01   5.7468572e-01
   4.1187805e-01  -9.1123898e-01
   4.1282829e-01   8.5193456e-01
   4.1317288e-01   6.6609588e-01
   4.1365403e-01   7.5638747e-01
   4.1425431e-01   9.1016118e-01
   4.3287362e-01  -8.0348367e-01
   4.3362648e-01  -4.4771362e-01
   4.3373327e-01  -3.5845112e-01
   4.3373629e-01  -6.2636256e-01
   4.3380324e-01  -5.3711386e-01
   4.3410058e-01  -7.1706328e-01
   4.3415201e-01  -2.6939333e-01
   4.3460552e-01  -1.8070416e-01
   4.3465016e-01   3.4968727e-01
   4.3484191e-01   2.6064664e-01
   4.3484937e-01   4.3928138e-01
   4.3497008e-01  -9.2341134e-02
   4.3509124e-01   1.7210089e-01
   4.3520037e-01  -4.1903870e-03
   4.3524430e-01   8.3889974e-02
   4.3568190e-01   5.2959899e-01
   4.3714230e-01   6.2039848e-01
   4.3786753e-01   8.0117894e-01
   4.3936491e-01   7.1275010e-01
   4.5233557e-01  -8.9184782e-01
   4.5570139e-01  -8.4416142e-01
   4.5582917e-01   8.9006728e-01
   4.5902968e-01  -6.7080369e-01
   4.5918053e-01  -4.0307939e-01
   4.5925932e-01  -4.9235040e-01
   4.5948397e-01  -3.1379313e-01
   4.5953051e-01  -5.8176733e-01
   4.5980371e-01   8.4204369e-01
   4.6004707e-01  -2.2487172e-01
   4.6009182e-01   3.9437974e-01
   4.6024945e-01   3.0500766e-01
   4.6042168e-01   4.8429415e-01
   4.6054844e-01  -1.3636709e-01
   4.6055912e-01  -7.6309786e-01
   4.6064517e-01   2.1622384e-01
   4.6089188e-01  -4.8172291e-02
   4.6095886e-01   1.2791419e-01
   4.6106016e-01   3.9859137e-02
   4.6155230e-01   5.7508716e-01
   4.6311443e-01   6.6600289e-01
   4.6580277e-01   7.5983179e-01
   4.8397904e-01  -7.1495904e-01
   4.8476395e-01  -4.4781722e-01
   4.8478830e-01  -3.5836264e-01
   4.8500064e-01  -5.3687736e-01
   4.8525213e-01  -6.2634274e-01
   4.8538878e-01  -2.6913083e-01
   4.8554380e-01   4.3919263e-01
   4.8557348e-01   3.4949951e-01
   4.8603152e-01   5.2933053e-01
   4.8603588e-01  -1.8041443e-01
   4.8608111e-01   2.6039458e-01
   4.8654639e-01  -9.2128255e-02
   4.8658059e-01   1.7192604e-01
   4.8685552e-01  -4.0948118e-03
   4.8687963e-01   8.3841290e-02
   4.8761295e-01   6.2062569e-01
   4.8819801e-01  -8.1024283e-01
   4.8877574e-01   7.1104634e-01
   4.9316123e-01   8.0741873e-01
   4.9682870e-01  -8.6784863e-01
   5.0115948e-01   8.6535494e-01
   5.0887368e-01  -7.5812965e-01
   5.1018701e-01  -4.0312931e-01
   5.1056930e-01  -4.9260398e-01
   5.1057557e-01  -3.1354425e-01
   5.1072256e-01  -6.7095402e-01
   5.1079877e-01  -5.8105977e-01
   5.1088650e-01   3.9411810e-01
   5.1105306e-01   4.8406491e-01
   5.1133443e-01   3.0464407e-01
   5.1141159e-01  -2.2451724e-01
   5.1173192e-01   5.7420454e-01
   5.1208848e-01   2.1594976e-01
   5.1213111e-01  -1.3607319e-01
   5.1259173e-01  -4.7994483e-02
   5.1262363e-01   1.2777310e-01
   5.1281731e-01   3.9883131e-02
   5.1402057e-01   6.6608694e-01
   5.1406068e-01   7.5457934e-01
   5.3331389e-01  -7.9759581e-01
   5.3511887e-01  -8.4477677e-01
   5.3570526e-01  -3.5818928e-01
   5.3581116e-01  -4.4809068e-01
   5.3616269e-01  -7.1591782e-01
   5.3625102e-01   4.3882535e-01
   5.3640664e-01  -6.2450242e-01
   5.3647644e-01   3.4899122e-01
   5.3663088e-01  -2.6871238e-01
   5.3670046e-01  -5.3731702e-01
   5.3670920e-01   5.2891126e-01
   5.3743858e-01   2.6000368e-01
   5.3757270e-01  -1.8003664e-01
   5.3759193e-01   6.1855555e-01
   5.3822754e-01   1.7168329e-01
   5.3827541e-01  -9.1865247e-02
   5.3858250e-01   7.9398482e-01
   5.3869597e-01  -3.9738149e-03
   5.3870547e-01   8.3771307e-02
   5.4004525e-01   8.4163598e-01
   5.4068798e-01   7.1150095e-01
   5.6092243e-01  -6.6671443e-01
   5.6096761e-01  -4.0310475e-01
   5.6156463e-01  -3.1307135e-01
   5.6162897e-01   3.9338000e-01
   5.6173060e-01   4.8358803e-01
   5.6180931e-01  -4.9323549e-01
   5.6251637e-01   3.0412737e-01
   5.6270413e-01   5.7360909e-01
   5.6286265e-01  -2.2405717e-01
   5.6325895e-01  -5.8171210e-01
   5.6358946e-01   6.6167423e-01
   5.6366169e-01  -7.6106432e-01
   5.6369104e-01   2.1560502e-01
   5.6386622e-01  -1.3572295e-01
   5.6446159e-01  -4.7775323e-02
   5.6448472e-01   1.2759655e-01
   5.6479049e-01   3.9919428e-02
   5.6895684e-01   7.5684466e-01
   5.7729035e-01  -8.1653895e-01
   5.8251116e-01   8.1282270e-01
   5.8381874e-01  -7.0719960e-01
   5.8638176e-01  -3.5767108e-01
   5.8651857e-01  -4.4830540e-01
   5.8683223e-01   4.3767518e-01
   5.8745472e-01   5.2842787e-01
   5.8749694e-01   3.4834790e-01
   5.8793908e-01  -2.6816029e-01
   5.8841843e-01  -5.3856126e-01
   5.8842486e-01   7.0256814e-01
   5.8896463e-01   2.5955718e-01
   5.8924066e-01  -1.7960594e-01
   5.8942590e-01   6.1793422e-01
   5.9005310e-01   1.7140471e-01
   5.9012497e-01  -6.2529566e-01
   5.9016926e-01  -9.1565785e-02
   5.9074724e-01  -3.8096561e-03
   5.9075621e-01   8.3702128e-02
   6.0683722e-01  -7.4433680e-01
   6.1134949e-01  -4.0246906e-01
   6.1204485e-01   4.8168943e-01
   6.1226123e-01   7.3955224e-01
   6.1250351e-01  -4.9386365e-01
   6.1252868e-01  -3.1243352e-01
   6.1261875e-01   3.9256122e-01
   6.1367826e-01  -7.8955620e-01
   6.1373858e-01   5.7348473e-01
   6.1382099e-01   3.0361865e-01
   6.1444214e-01  -2.2355874e-01
   6.1546752e-01   2.1524686e-01
   6.1571410e-01  -6.6751608e-01
   6.1577272e-01  -1.3535460e-01
   6.1605756e-01  -5.8403347e-01
   6.1649501e-01  -4.7512329e-02
   6.1657400e-01   1.2741784e-01
   6.1701952e-01   3.9998781e-02
   6.1740494e-01   6.6135283e-01
   6.1897395e-01   7.8541151e-01
   6.3654716e-01  -4.4730163e-01
   6.3699492e-01  -3.5697025e-01
   6.3718387e-01   5.2517458e-01
   6.3793008e-01   4.3654475e-01
   6.3866306e-01   3.4787396e-01
   6.3920042e-01  -5.4000849e-01
   6.3939338e-01  -2.6758231e-01
   6.3973341e-01  -7.0816279e-01
   6.4066739e-01   2.5913717e-01
   6.4104552e-01  -1.7919061e-01
   6.4133654e-01   6.1907171e-01
   6.4205986e-01   1.7114149e-01
   6.4221650e-01  -9.1264718e-02
   6.4302162e-01  -3.5714236e-03
   6.4306436e-01   8.3677636e-02
   6.4469151e-01   7.0285702e-01
   6.4514358e-01  -6.2936361e-01
   6.5354889e-01  -7.5688430e-01
   6.5869942e-01   7.5240619e-01
   6.6180359e-01  -4.0162295e-01
   6.6187831e-01  -4.9191940e-01
   6.6212853e-01   5.6774612e-01
   6.6334826e-01   4.8002603e-01
   6.6351344e-01  -3.1181884e-01
   6.6394540e-01   3.9218678e-01
   6.6514536e-01   3.0323450e-01
   6.6617444e-01  -2.2312527e-01
   6.6732572e-01  -5.8718489e-01
   6.6741490e-01   2.1495073e-01
   6.6786040e-01  -1.3504040e-01
   6.6863628e-01  -4.7211025e-02
   6.6892596e-01   1.2729690e-01
   6.6954795e-01   4.0174582e-02
   6.7220842e-01   6.6520492e-01
   6.7263443e-01  -6.7391058e-01
   6.8673085e-01   6.0863236e-01
   6.8701422e-01  -4.4604519e-01
   6.8715013e-01  -5.3588065e-01
   6.8762724e-01  -3.5645433e-01
   6.8877061e-01   5.2270667e-01
   6.8969899e-01  -7.2409620e-01
   6.8971698e-01   4.3627767e-01
   6.8977726e-01   3.4774234e-01
   6.9105831e-01  -2.6709892e-01
   6.9255232e-01   2.5882029e-01
   6.9296493e-01  -1.7889715e-01
   6.9422746e-01   1.7097937e-01
   6.9436696e-01  -9.1036601e-02
   6.9446019e-01   7.1953113e-01
   6.9550272e-01  -3.2134433e-03
   6.9565554e-01   8.3769495e-02
   6.9896250e-01  -6.3540242e-01
   7.1214472e-01  -5.7811597e-01
   7.1247215e-01  -4.8979666e-01
   7.1256615e-01  -4.0124490e-01
   7.1271838e-01   6.4416241e-01
   7.1415445e-01   5.6426840e-01
   7.1440907e-01  -3.1137596e-01
   7.1534336e-01   3.9245656e-01
   7.1584152e-01   4.7987715e-01
   7.1628968e-01   3.0304603e-01
   7.1807761e-01  -2.2289772e-01
   7.1953232e-01   2.1484170e-01
   7.2014329e-01  -1.3490426e-01
   7.2073205e-01  -4.6897047e-02
   7.2158385e-01   1.2732821e-01
   7.2242929e-01   4.0522275e-02
   7.2369375e-01  -6.9012126e-01
   7.2640870e-01   6.8726298e-01
   7.3807332e-01  -3.5635295e-01
   7.3809233e-01  -5.3231589e-01
   7.3834243e-01  -4.4572280e-01
   7.3871509e-01  -6.1391699e-01
   7.4052491e-01   3.4804037e-01
   7.4075086e-01   6.0330257e-01
   7.4178015e-01   4.3700735e-01
   7.4218209e-01   5.2278094e-01
   7.4304378e-01  -2.6683302e-01
   7.4469792e-01   2.5872428e-01
   7.4493731e-01  -1.7888594e-01
   7.4648373e-01   1.7105892e-01
   7.4651332e-01  -9.1017073e-02
   7.4812166e-01  -2.6778810e-03
   7.4853180e-01   8.4067515e-02
   7.5411675e-01  -6.5674038e-01
   7.6126631e-01   6.4843936e-01
   7.6338157e-01  -4.0160604e-01
   7.6474747e-01  -4.8945085e-01
   7.6495412e-01  -3.1119671e-01
   7.6527950e-01  -5.7177300e-01
   7.6646809e-01   3.9341697e-01
   7.6697205e-01   3.0314010e-01
   7.6879058e-01   4.8112816e-01
   7.6917078e-01   5.6443053e-01
   7.7018934e-01  -2.2310277e-01
   7.7182907e-01   2.1516621e-01
   7.7244966e-01  -4.6621484e-02
   7.7267463e-01  -1.3512689e-01
   7.7460430e-01   1.2762623e-01
   7.7575411e-01   4.1118283e-02
   7.8735141e-01  -6.1650446e-01
   7.8797136e-01  -3.5678813e-01
   7.9005581e-01  -4.4651403e-01
   7.9055558e-01   3.4888169e-01
   7.9223309e-01  -5.3159652e-01
   7.9261591e-01   6.0972126e-01
   7.9370216e-01   4.3863957e-01
   7.9563110e-01  -2.6698606e-01
   7.9628310e-01   5.2456540e-01
   7.9680022e-01  -1.7939051e-01
   7.9736740e-01   2.5910712e-01
   7.9846898e-01  -9.1378325e-02
   7.9859692e-01   1.7160786e-01
   8.0072859e-01  -1.8968126e-03
   8.0163004e-01   8.4605024e-02
   8.1388814e-01  -4.0277154e-01
   8.1469516e-01  -3.1138335e-01
   8.1676264e-01   3.0368454e-01
   8.1704170e-01   3.9511109e-01
   8.1712994e-01  -5.7645352e-01
   8.1784499e-01  -4.9056037e-01
   8.2169169e-01   4.8346673e-01
   8.2184611e-01   5.6970955e-01
   8.2255463e-01  -2.2417637e-01
   8.2316549e-01  -4.6380050e-02
   8.2428738e-01   2.1643257e-01
   8.2559819e-01  -1.3589478e-01
   8.2803889e-01   1.2829039e-01
   8.2975819e-01   4.1902626e-02
   8.3691848e-01  -3.5796580e-01
   8.3953583e-01   3.5046611e-01
   8.4170544e-01  -4.4844327e-01
   8.4472849e-01  -5.3519509e-01
   8.4519210e-01   4.4128002e-01
   8.4805827e-01  -1.8065971e-01
   8.4906130e-01   5.2829434e-01
   8.4945847e-01  -2.6805298e-01
   8.4988762e-01   1.7292714e-01
   8.4990623e-01  -9.2179573e-02
   8.5118679e-01   2.6062448e-01
   8.5311588e-01  -8.6259992e-04
   8.5465914e-01   8.5196710e-02
   8.6273651e-01  -3.1231711e-01
   8.6371623e-01  -4.0542271e-01
   8.6489260e-01   3.0502915e-01
   8.6676463e-01   3.9826133e-01
   8.7024090e-01  -4.9262640e-01
   8.7189996e-01  -4.6377567e-02
   8.7419018e-01   4.8558371e-01
   8.7499335e-01  -2.2671879e-01
   8.7658564e-01   2.1955538e-01
   8.7922398e-01  -1.3695026e-01
   8.8189806e-01   1.2907904e-01
   8.8424915e-01  -3.6172543e-01
   8.8507102e-01   4.2847463e-02
   8.8681814e-01   3.5464945e-01
   8.9360362e-01  -4.4885696e-01
   8.9713849e-01   4.4174940e-01
   8.9727609e-01  -1.8157934e-01
   8.9854523e-01   1.7454762e-01
   9.0050416e-01  -9.3912428e-02
   9.0459347e-01   3.5428565e-04
   9.0536724e-01  -2.7205844e-01
   9.0664454e-01  -3.1741370e-01
   9.0694455e-01   8.5838180e-02
   9.0719103e-01   2.6515747e-01
   9.0891935e-01   3.1051238e-01
   9.1476109e-01  -4.0399523e-01
   9.1701900e-01  -4.6859862e-02
   9.1785532e-01   3.9691511e-01
   9.2528358e-01  -2.2992044e-01
   9.2672146e-01   2.2325760e-01
   9.3375510e-01  -3.5791257e-01
   9.3494139e-01  -1.3839981e-01
   9.3639455e-01   3.5094906e-01
   9.3656912e-01   1.3183838e-01
   9.4205698e-01  -1.8391634e-01
   9.4281526e-01   4.3145884e-02
   9.4310681e-01   1.7754289e-01
   9.4912430e-01  -9.4830298e-02
   9.5113222e-01  -3.0878389e-01
   9.5333407e-01   3.0191746e-01
   9.5336734e-01  -7.3269049e-04
   9.5477043e-01   8.8138574e-02
   9.5887163e-01  -4.7850259e-02
   9.6412697e-01  -2.6544149e-01
   9.6594853e-01   2.5873428e-01
   9.7583370e-01  -2.1851450e-01
   9.7725909e-01   2.1204877e-01
   9.8576526e-01  -1.6812750e-01
   9.8680290e-01   1.6192604e-01
   9.9230945e-01  -1.2378191e-01
   9.9306526e-01   1.1756441e-01
   9.9712240e-01  -7.5808489e-02
   9.9772921e-01   6.7352933e-02
   9.9969773e-01  -2.4585699e-02
   9.9972959e-01   2.3253804e-02
