  -9.9989837e-01  -1.4256852e-02
  -9.9770649e-01   6.7688637e-02
  -9.9542859e-01  -9.5508725e-02
  -9.8869797e-01   1.4992109e-01
  -9.8406166e-01  -1.7782759e-01
  -9.7474091e-01   2.2333868e-01
  -9.6745165e-01  -2.5305595e-01
  -9.5218207e-01   3.0553117e-01
  -9.4413026e-01  -3.2957254e-01
  -9.3391419e-01   2.2525069e-02
  -9.3177711e-01  -4.9648353e-02
  -9.3007179e-01   1.0529100e-01
  -9.2778366e-01  -1.3131316e-01
  -9.2433173e-01   3.8158991e-01
  -9.1361917e-01  -4.0657105e-01
  -9.0958857e-01   2.4752623e-01
  -9.0296580e-01  -2.0186193e-01
  -9.0276279e-01   1.7646590e-01
  -8.9223104e-01  -2.6950190e-01
  -8.9079374e-01   4.5440786e-01
  -8.7822483e-01  -4.7824800e-01
  -8.7785863e-01   3.1889017e-01
  -8.7440510e-01   5.3033430e-02
  -8.7131589e-01  -8.6704642e-02
  -8.7104108e-01  -3.4724896e-01
  -8.5333300e-01  -1.7002449e-02
  -8.5153809e-01   5.2429275e-01
  -8.4962878e-01   1.1925182e-01
  -8.4681841e-01   3.8786116e-01
  -8.4608769e-01  -1.5449676e-01
  -8.4305992e-01   2.4494196e-01
  -8.3786960e-01  -5.4587044e-01
  -8.3545150e-01  -4.1551973e-01
  -8.2571388e-01  -2.8953936e-01
  -8.1630042e-01  -2.2098875e-01
  -8.1522394e-01   1.8093550e-01
  -8.1196967e-01   4.5492290e-01
  -8.0666641e-01   5.9100703e-01
  -8.0527606e-01   3.1601808e-01
  -8.0346206e-01   4.7959504e-02
  -8.0124194e-01  -8.5365304e-02
  -7.9843202e-01  -4.8062020e-01
  -7.9243852e-01  -6.0995180e-01
  -7.9109783e-01  -3.5534220e-01
  -7.7249295e-01   5.1962417e-01
  -7.7074095e-01  -1.9652124e-02
  -7.7062925e-01   1.1457015e-01
  -7.7049049e-01   3.8457309e-01
  -7.6877022e-01  -1.5550256e-01
  -7.6771484e-01   2.4701579e-01
  -7.5864716e-01  -5.4321519e-01
  -7.5623321e-01   6.5430218e-01
  -7.5566525e-01  -2.8411429e-01
  -7.5408627e-01  -4.2048916e-01
  -7.3978395e-01  -6.7284449e-01
  -7.3352698e-01   1.7972612e-01
  -7.3309827e-01   4.5053333e-01
  -7.3058931e-01  -2.1907642e-01
  -7.2935869e-01   3.1510514e-01
  -7.2855179e-01   5.8167006e-01
  -7.2750284e-01   4.6224198e-02
  -7.2620687e-01  -8.8221791e-02
  -7.1869317e-01  -6.0786301e-01
  -7.1541279e-01  -4.8577175e-01
  -7.1534854e-01  -3.5300758e-01
  -6.9978684e-01   7.1435172e-01
  -6.9247540e-01   3.8175413e-01
  -6.9191192e-01   5.1427913e-01
  -6.9159676e-01   1.1287226e-01
  -6.9086169e-01   2.4610357e-01
  -6.9061285e-01  -2.1608934e-02
  -6.9012704e-01  -7.2368824e-01
  -6.8836208e-01  -1.5493481e-01
  -6.8086008e-01   6.4176111e-01
  -6.8023108e-01  -2.8574851e-01
  -6.7697358e-01  -5.5490282e-01
  -6.7606981e-01  -4.2127638e-01
  -6.5659274e-01  -6.4065328e-01
  -6.5351117e-01   1.7871451e-01
  -6.5338026e-01   4.4661014e-01
  -6.5208103e-01   3.1307000e-01
  -6.5017045e-01   4.4969350e-02
  -6.4831210e-01  -2.2063678e-01
  -6.4825605e-01  -8.8615452e-02
  -6.4719246e-01   5.7710415e-01
  -6.3879133e-01  -3.5508821e-01
  -6.3812245e-01  -4.9179266e-01
  -6.3592144e-01   7.7175380e-01
  -6.3332227e-01  -7.7388817e-01
  -6.2879831e-01   7.0216074e-01
  -6.1432138e-01  -6.9779381e-01
  -6.1361952e-01   3.7898674e-01
  -6.1292133e-01   2.4501359e-01
  -6.1275892e-01   1.1158834e-01
  -6.1159849e-01   5.1056291e-01
  -6.1109741e-01  -2.2241775e-02
  -6.0865845e-01  -1.5565565e-01
  -6.0823766e-01  -5.6985305e-01
  -6.0326115e-01  -2.8862767e-01
  -6.0084713e-01   6.4328798e-01
  -5.9994062e-01  -4.2582428e-01
  -5.7497313e-01   8.1817229e-01
  -5.7422132e-01   1.7775293e-01
  -5.7377038e-01   3.1139423e-01
  -5.7354501e-01   4.4404213e-01
  -5.7301044e-01  -6.3386294e-01
  -5.7195994e-01   4.4231952e-02
  -5.6983159e-01  -8.9468707e-02
  -5.6895689e-01   5.7659816e-01
  -5.6878096e-01  -8.2248904e-01
  -5.6837388e-01  -2.2293047e-01
  -5.6542860e-01  -4.9969541e-01
  -5.6361521e-01  -7.5243918e-01
  -5.6356211e-01   7.3101838e-01
  -5.6274480e-01  -3.5886407e-01
  -5.3444934e-01   3.7727745e-01
  -5.3443523e-01   2.4402683e-01
  -5.3393350e-01   1.1070904e-01
  -5.3262112e-01   5.1004875e-01
  -5.3244946e-01   6.5109303e-01
  -5.3216446e-01  -2.3076142e-02
  -5.2985619e-01  -1.5712631e-01
  -5.2963475e-01  -5.6702392e-01
  -5.2822158e-01  -6.9494081e-01
  -5.2634148e-01  -2.9189214e-01
  -5.2539083e-01  -4.3056982e-01
  -5.1076450e-01   7.9033382e-01
  -5.0872349e-01  -8.6092997e-01
  -5.0229043e-01   8.6469898e-01
  -4.9534225e-01  -7.7472220e-01
  -4.9521459e-01   1.7698580e-01
  -4.9506495e-01   3.1033938e-01
  -4.9453390e-01   4.4347103e-01
  -4.9423016e-01   5.7982887e-01
  -4.9357048e-01   4.3406453e-02
  -4.9158960e-01  -9.0686594e-02
  -4.9152549e-01   7.1057442e-01
  -4.9044034e-01  -6.3190442e-01
  -4.8991285e-01  -2.2534429e-01
  -4.8825585e-01  -4.9916126e-01
  -4.8702720e-01  -3.6220747e-01
  -4.5578805e-01   2.4336061e-01
  -4.5564894e-01   3.7680226e-01
  -4.5546571e-01   5.1134299e-01
  -4.5526605e-01   1.0990288e-01
  -4.5394506e-01  -7.0461661e-01
  -4.5369836e-01  -2.4107191e-02
  -4.5339802e-01   6.4312665e-01
  -4.5176429e-01  -1.5878264e-01
  -4.5018852e-01  -5.6624807e-01
  -4.4955380e-01  -2.9447920e-01
  -4.4858670e-01  -4.3117500e-01
  -4.4554769e-01   7.6687686e-01
  -4.4543657e-01  -8.2728748e-01
  -4.3787327e-01  -8.9903671e-01
  -4.3324236e-01   8.3525564e-01
  -4.2598784e-01   9.0472889e-01
  -4.1649664e-01   3.0998023e-01
  -4.1648902e-01   1.7636519e-01
  -4.1646026e-01   4.4400236e-01
  -4.1528702e-01   4.2521115e-02
  -4.1504581e-01   5.7644214e-01
  -4.1364415e-01  -9.1978268e-02
  -4.1338660e-01  -6.3602657e-01
  -4.1217034e-01  -2.2725616e-01
  -4.1095594e-01  -7.6593624e-01
  -4.1027758e-01  -4.9932411e-01
  -4.1011704e-01  -3.6334344e-01
  -4.0988526e-01   7.0490244e-01
  -3.7736003e-01   3.7698679e-01
  -3.7732294e-01   2.4302068e-01
  -3.7684845e-01   1.0918192e-01
  -3.7645087e-01   5.1005376e-01
  -3.7558838e-01  -2.5142542e-02
  -3.7404713e-01  -1.6017930e-01
  -3.7398806e-01   7.7864666e-01
  -3.7373876e-01  -8.4108380e-01
  -3.7309699e-01   6.4091400e-01
  -3.7287929e-01  -7.0085625e-01
  -3.7272214e-01  -5.6833323e-01
  -3.7228031e-01  -2.9576779e-01
  -3.7217141e-01  -9.2816402e-01
  -3.7120508e-01  -4.3189921e-01
  -3.5588343e-01   9.3453036e-01
  -3.5547517e-01   8.5130426e-01
  -3.3824054e-01   3.0997588e-01
  -3.3810007e-01   1.7591819e-01
  -3.3774051e-01   4.4355181e-01
  -3.3720653e-01   4.1704623e-02
  -3.3590281e-01  -9.3084128e-02
  -3.3552743e-01   5.7595967e-01
  -3.3484577e-01   7.1153921e-01
  -3.3483512e-01  -7.7090168e-01
  -3.3452557e-01  -2.2842846e-01
  -3.3358184e-01  -6.3500153e-01
  -3.3291423e-01  -5.0074156e-01
  -3.3286305e-01  -3.6433854e-01
  -3.1819662e-01  -8.8603566e-01
  -3.0226776e-01   7.8366192e-01
  -2.9914280e-01   2.4285955e-01
  -2.9892906e-01   3.7682545e-01
  -2.9876438e-01   8.9468149e-01
  -2.9871565e-01   1.0860067e-01
  -2.9772323e-01  -2.6020206e-02
  -2.9755144e-01   5.1017841e-01
  -2.9642515e-01  -1.6117087e-01
  -2.9625415e-01   6.4512342e-01
  -2.9491517e-01  -2.9681804e-01
  -2.9481697e-01  -9.5555374e-01
  -2.9476911e-01  -7.0357476e-01
  -2.9406514e-01  -5.6847910e-01
  -2.9397377e-01  -4.3309876e-01
  -2.8731895e-01  -8.2722208e-01
  -2.7439080e-01   9.6161827e-01
  -2.6302987e-01   8.4005353e-01
  -2.6005150e-01   3.0985953e-01
  -2.6002574e-01   1.7559703e-01
  -2.5952892e-01   7.1537439e-01
  -2.5933401e-01   4.1043620e-02
  -2.5927169e-01   4.4381144e-01
  -2.5826329e-01  -9.3924761e-02
  -2.5804865e-01   5.7856537e-01
  -2.5701250e-01  -2.2938400e-01
  -2.5565322e-01  -3.6543428e-01
  -2.5517398e-01  -6.3685088e-01
  -2.5502234e-01  -5.0139335e-01
  -2.5113493e-01  -7.6626886e-01
  -2.4405780e-01  -8.9982069e-01
  -2.2113378e-01   2.4268247e-01
  -2.2089422e-01   9.0858485e-01
  -2.2083390e-01   1.0815521e-01
  -2.2077061e-01   3.7702202e-01
  -2.2002487e-01  -2.6700120e-02
  -2.1999230e-01   7.7915479e-01
  -2.1985816e-01   5.1177981e-01
  -2.1968416e-01   6.4772258e-01
  -2.1935310e-01  -9.7564554e-01
  -2.1891974e-01  -1.6199147e-01
  -2.1763434e-01  -2.9780282e-01
  -2.1651381e-01  -4.3394169e-01
  -2.1605735e-01  -5.6992814e-01
  -2.1372588e-01  -7.0286025e-01
  -2.0964920e-01  -8.3718522e-01
  -1.9510764e-01   9.8078184e-01
  -1.8219867e-01   8.4711972e-01
  -1.8216655e-01   1.7532609e-01
  -1.8211636e-01   3.0993138e-01
  -1.8163741e-01   4.0533531e-02
  -1.8155097e-01   4.4475794e-01
  -1.8093737e-01   5.8030294e-01
  -1.8074339e-01  -9.4615784e-02
  -1.8025676e-01   7.1429188e-01
  -1.7964781e-01  -2.3023026e-01
  -1.7837712e-01  -3.6630127e-01
  -1.7745463e-01  -5.0260841e-01
  -1.7590764e-01  -6.3761160e-01
  -1.7316283e-01  -7.7335095e-01
  -1.7193842e-01  -9.1395703e-01
  -1.4576329e-01   9.2028688e-01
  -1.4335712e-01   2.4262835e-01
  -1.4313740e-01   1.0780225e-01
  -1.4309652e-01   3.7754017e-01
  -1.4288838e-01  -9.8973881e-01
  -1.4252433e-01   5.1289269e-01
  -1.4247732e-01  -2.7254311e-02
  -1.4165190e-01   7.8311920e-01
  -1.4161152e-01   6.4790759e-01
  -1.4154003e-01  -1.6270282e-01
  -1.4038944e-01  -2.9860743e-01
  -1.3923777e-01  -4.3496817e-01
  -1.3794115e-01  -5.7106068e-01
  -1.3612399e-01  -7.0782523e-01
  -1.3505279e-01  -8.4790553e-01
  -1.1609142e-01   9.9323853e-01
  -1.0560356e-01   8.5473258e-01
  -1.0451759e-01   1.7515757e-01
  -1.0451145e-01   3.1017798e-01
  -1.0413264e-01   4.4543927e-01
  -1.0409158e-01   4.0114712e-02
  -1.0334422e-01  -9.5204056e-02
  -1.0334175e-01   5.8078103e-01
  -1.0285579e-01   7.1680561e-01
  -1.0237688e-01  -2.3093830e-01
  -1.0122444e-01  -3.6716831e-01
  -9.9994396e-02  -5.0366758e-01
  -9.8786017e-02  -9.2367329e-01
  -9.8702357e-02  -6.4094362e-01
  -9.7816806e-02  -7.8071334e-01
  -7.0866547e-02   9.2765056e-01
  -6.5830229e-02   2.4268466e-01
  -6.5660580e-02   3.7795834e-01
  -6.5627775e-02   7.8742623e-01
  -6.5615212e-02   1.0752949e-01
  -6.5456972e-02  -9.9785539e-01
  -6.5090228e-02   5.1334188e-01
  -6.5059007e-02  -2.7721343e-02
  -6.4530126e-02   6.4941332e-01
  -6.4257060e-02  -1.6330613e-01
  -6.3245721e-02  -2.9935283e-01
  -6.2080310e-02  -4.3585024e-01
  -6.1008920e-02  -5.7315590e-01
  -6.0827532e-02  -8.5457223e-01
  -6.0378568e-02  -7.1242851e-01
  -3.7129799e-02   9.9931045e-01
  -3.0221533e-02   8.5869960e-01
  -2.7113014e-02   3.1040768e-01
  -2.7073399e-02   1.7504734e-01
  -2.6740070e-02   4.4585267e-01
  -2.6714560e-02   7.1898135e-01
  -2.6679689e-02   3.9767697e-02
  -2.6253217e-02   5.8166497e-01
  -2.6044443e-02  -9.5697079e-02
  -2.5207031e-02  -2.3157629e-01
  -2.4823454e-02  -9.2822839e-01
  -2.4153884e-02  -3.6792718e-01
  -2.3145904e-02  -5.0495691e-01
  -2.3042456e-02  -7.8451599e-01
  -2.2656767e-02  -6.4348264e-01
   3.8860821e-03   9.2984085e-01
   9.8005672e-03   7.8882364e-01
   1.1500228e-02   2.4270813e-01
   1.1669145e-02   3.7830526e-01
   1.1756805e-02   1.0730166e-01
   1.1993829e-02   6.5043270e-01
   1.2120494e-02   5.1404647e-01
   1.2257296e-02  -2.8111423e-02
   1.2458937e-02  -9.9992239e-01
   1.2929809e-02  -1.6382281e-01
   1.3467586e-02  -8.5635748e-01
   1.3823740e-02  -3.0002045e-01
   1.4818107e-02  -4.3676943e-01
   1.4954836e-02  -7.1401082e-01
   1.5355344e-02  -5.7442602e-01
   4.1432031e-02   9.9914132e-01
   4.4904806e-02   8.5819071e-01
   4.9304000e-02  -9.2740116e-01
   4.9361121e-02   7.1915559e-01
   5.0106541e-02   3.1053145e-01
   5.0221381e-02   1.7491856e-01
   5.0478053e-02   4.4649899e-01
   5.0629728e-02   3.9470305e-02
   5.0730056e-02   5.8253607e-01
   5.1173862e-02  -9.6113747e-02
   5.1782940e-02  -7.8410810e-01
   5.1871737e-02  -2.3210667e-01
   5.2794917e-02  -3.6869285e-01
   5.3316078e-02  -6.4379564e-01
   5.3565315e-02  -5.0578258e-01
   7.8045366e-02   9.2689836e-01
   8.5616717e-02   7.8719591e-01
   8.7941841e-02  -8.5326410e-01
   8.8686397e-02   2.4265308e-01
   8.8734295e-02   3.7859325e-01
   8.8942119e-02   6.5102975e-01
   8.9028690e-02   1.0708114e-01
   8.9253071e-02   5.1505571e-01
   8.9500518e-02  -2.8451225e-02
   9.0048137e-02  -1.6424883e-01
   9.0245329e-02  -9.9591957e-01
   9.0654470e-02  -7.1254075e-01
   9.0776834e-02  -3.0057539e-01
   9.1716566e-02  -4.3753677e-01
   9.2019070e-02  -5.7464932e-01
   1.1923182e-01   9.9286644e-01
   1.2050018e-01   8.5393035e-01
   1.2293625e-01  -9.2137477e-01
   1.2659959e-01   7.1909771e-01
   1.2714135e-01   3.1056382e-01
   1.2723364e-01  -7.8016624e-01
   1.2735572e-01   4.4693723e-01
   1.2742285e-01   1.7475681e-01
   1.2787373e-01   3.9190896e-02
   1.2798307e-01   5.8397032e-01
   1.2834416e-01  -9.6473316e-02
   1.2888238e-01  -2.3253558e-01
   1.2965525e-01  -3.6919080e-01
   1.3013793e-01  -6.4300352e-01
   1.3059809e-01  -5.0639062e-01
   1.5143519e-01   9.1962041e-01
   1.6304101e-01  -8.4618852e-01
   1.6351972e-01   7.8614246e-01
   1.6559132e-01   3.7867875e-01
   1.6576450e-01   2.4255294e-01
   1.6594039e-01   5.1555617e-01
   1.6624012e-01   1.0684030e-01
   1.6670456e-01  -2.8756433e-02
   1.6672252e-01   6.5332967e-01
   1.6713091e-01  -1.6462226e-01
   1.6739728e-01  -9.8588952e-01
   1.6770210e-01  -3.0095184e-01
   1.6786862e-01  -7.1045518e-01
   1.6860436e-01  -4.3782589e-01
   1.6944042e-01  -5.7514349e-01
   1.9582113e-01  -9.1095436e-01
   1.9633196e-01   9.8053749e-01
   1.9906114e-01   8.5111800e-01
   2.0402950e-01   4.4696646e-01
   2.0407033e-01   3.1052327e-01
   2.0443852e-01   5.8445103e-01
   2.0455596e-01   1.7453639e-01
   2.0502521e-01  -7.7649219e-01
   2.0509428e-01   3.8917774e-02
   2.0548824e-01  -9.6791388e-02
   2.0558102e-01   7.2353179e-01
   2.0589459e-01  -2.3290940e-01
   2.0656712e-01  -3.6941705e-01
   2.0760589e-01  -5.0631880e-01
   2.0832697e-01  -6.4386407e-01
   2.2679639e-01   9.1313803e-01
   2.4129602e-01  -8.4023873e-01
   2.4240135e-01   3.7867912e-01
   2.4240973e-01   5.1533951e-01
   2.4272807e-01   6.5367897e-01
   2.4274560e-01   2.4233966e-01
   2.4343582e-01   1.0656727e-01
   2.4388182e-01  -9.6980496e-01
   2.4389932e-01  -2.9040289e-02
   2.4419196e-01  -1.6494535e-01
   2.4470720e-01  -3.0131279e-01
   2.4488818e-01   7.9560997e-01
   2.4566944e-01  -4.3776853e-01
   2.4650839e-01  -5.7456763e-01
   2.4747746e-01  -7.1293267e-01
   2.7082909e-01  -9.0118592e-01
   2.7579867e-01   9.6121542e-01
   2.8040316e-01   7.2338001e-01
   2.8060991e-01   5.8362338e-01
   2.8080126e-01   4.4698513e-01
   2.8087577e-01   3.1030405e-01
   2.8167155e-01   1.7424581e-01
   2.8233266e-01   3.8611694e-02
   2.8263060e-01  -9.7064734e-02
   2.8289327e-01  -2.3324062e-01
   2.8368017e-01  -3.6979646e-01
   2.8397987e-01   8.7186442e-01
   2.8491949e-01  -5.0573731e-01
   2.8515961e-01  -6.4257277e-01
   2.8706419e-01  -7.8337490e-01
   3.1695045e-01   7.9344771e-01
   3.1834923e-01   6.5144519e-01
   3.1907710e-01   3.7841265e-01
   3.1928972e-01   5.1536798e-01
   3.1967800e-01   2.4204338e-01
   3.2064559e-01   1.0619829e-01
   3.2113306e-01  -2.9354593e-02
   3.2122942e-01  -1.6518089e-01
   3.2169381e-01  -3.0169542e-01
   3.2270000e-01  -9.4650130e-01
   3.2324493e-01  -4.3824027e-01
   3.2332001e-01  -7.1039822e-01
   3.2393976e-01  -5.7299919e-01
   3.2697435e-01  -8.5751567e-01
   3.4311870e-01   9.3929205e-01
   3.5336629e-01   8.5974277e-01
   3.5482037e-01   7.1804893e-01
   3.5742361e-01   4.4654604e-01
   3.5762926e-01   3.1006057e-01
   3.5788918e-01   5.8371701e-01
   3.5877555e-01   1.7379513e-01
   3.5963698e-01   3.8181092e-02
   3.5981616e-01  -2.3344082e-01
   3.5983878e-01  -9.7330617e-02
   3.5985038e-01  -7.7811650e-01
   3.6071520e-01  -3.7035637e-01
   3.6233345e-01  -6.3908932e-01
   3.6334154e-01  -5.0639612e-01
   3.8945621e-01  -9.2104498e-01
   3.9044852e-01   7.8098061e-01
   3.9580836e-01   3.7829566e-01
   3.9593145e-01   5.1445332e-01
   3.9596627e-01  -8.4227686e-01
   3.9648197e-01   2.4155208e-01
   3.9664206e-01   6.5189979e-01
   3.9789403e-01   1.0556949e-01
   3.9829543e-01  -1.6539161e-01
   3.9847968e-01  -2.9732933e-02
   3.9849404e-01  -3.0186876e-01
   3.9946791e-01  -7.0309276e-01
   4.0081016e-01  -4.3916848e-01
   4.0353821e-01  -5.7408320e-01
   4.1298141e-01   9.1073946e-01
   4.2424883e-01   8.3909047e-01
   4.3394480e-01  -7.6276156e-01
   4.3413615e-01   3.0964829e-01
   4.3440573e-01   4.4665276e-01
   4.3457342e-01   5.8163367e-01
   4.3550162e-01   7.1971376e-01
   4.3584683e-01   1.7289061e-01
   4.3673786e-01  -2.3364959e-01
   4.3712519e-01   3.7583748e-02
   4.3717248e-01  -9.7604377e-02
   4.3725636e-01  -3.7052463e-01
   4.4186041e-01  -5.0793843e-01
   4.4377515e-01  -6.4119761e-01
   4.5870907e-01  -8.8858651e-01
   4.6577302e-01  -8.1800499e-01
   4.7222889e-01   3.7813048e-01
   4.7297345e-01   2.4031667e-01
   4.7327017e-01   6.4695734e-01
   4.7363537e-01   5.1496595e-01
   4.7526312e-01   7.8843070e-01
   4.7529209e-01  -3.0214271e-01
   4.7532554e-01   1.0463281e-01
   4.7537508e-01  -1.6559492e-01
   4.7602604e-01  -3.0171433e-02
   4.7766746e-01  -4.3916906e-01
   4.8310604e-01  -5.7689055e-01
   4.8451562e-01  -7.0685913e-01
   4.8496920e-01   8.7453123e-01
   5.0975245e-01   7.0947511e-01
   5.0998366e-01   3.0807281e-01
   5.1101982e-01   4.4698752e-01
   5.1311626e-01   1.7146055e-01
   5.1359423e-01  -2.3390097e-01
   5.1365865e-01  -3.7105521e-01
   5.1398049e-01   5.8286846e-01
   5.1469218e-01  -9.7848133e-02
   5.1496117e-01   3.6841397e-02
   5.1912962e-01  -5.0693212e-01
   5.2197930e-01  -7.7033063e-01
   5.2508498e-01  -6.4680832e-01
   5.2983998e-01  -8.4809763e-01
   5.4352150e-01   7.6739578e-01
   5.4609789e-01   8.3772137e-01
   5.4757574e-01   3.7592430e-01
   5.4937249e-01   2.3846513e-01
   5.5086628e-01   5.1634324e-01
   5.5196678e-01  -3.0255978e-01
   5.5239501e-01  -1.6570693e-01
   5.5313299e-01   1.0328782e-01
   5.5386301e-01  -3.0557464e-02
   5.5518496e-01  -4.4011373e-01
   5.5584181e-01   6.4978483e-01
   5.5936272e-01  -5.7297896e-01
   5.6984920e-01  -7.1887393e-01
   5.8567554e-01   4.4326428e-01
   5.8576199e-01   3.0599208e-01
   5.8926731e-01  -3.7209709e-01
   5.9024836e-01  -2.3405562e-01
   5.9074670e-01   1.6954993e-01
   5.9246821e-01  -9.7710710e-02
   5.9263010e-01   5.8675591e-01
   5.9290233e-01  -8.0527438e-01
   5.9345355e-01   3.5709803e-02
   5.9553604e-01   7.1436070e-01
   5.9745817e-01  -6.3661593e-01
   5.9906779e-01  -5.0784057e-01
   6.1176835e-01   7.9103697e-01
   6.2351734e-01   3.7338930e-01
   6.2382731e-01   5.0934341e-01
   6.2557076e-01   2.3643426e-01
   6.2831648e-01  -3.0287042e-01
   6.2911851e-01  -1.6486806e-01
   6.3134422e-01   1.0134748e-01
   6.3236127e-01  -3.1299174e-02
   6.3245980e-01  -4.4254727e-01
   6.3600226e-01  -6.9277047e-01
   6.3881740e-01   6.5841233e-01
   6.4114221e-01  -5.7273866e-01
   6.4854527e-01  -7.6117608e-01
   6.6148219e-01   5.7279859e-01
   6.6151198e-01   3.0430370e-01
   6.6226924e-01   4.3973067e-01
   6.6276311e-01  -3.7340260e-01
   6.6622728e-01  -2.3218199e-01
   6.6864889e-01   1.6733170e-01
   6.6972924e-01   7.4260538e-01
   6.7125280e-01  -9.7939950e-02
   6.7288356e-01   3.3772308e-02
   6.8100561e-01  -5.1133540e-01
   6.8205958e-01  -6.3334605e-01
   7.0031647e-01   3.7209401e-01
   7.0095929e-01   2.3443214e-01
   7.0106230e-01   6.2760648e-01
   7.0146195e-01   5.0415872e-01
   7.0332757e-01  -2.9865654e-01
   7.0649474e-01  -1.6452545e-01
   7.0750045e-01  -4.4500408e-01
   7.0831284e-01  -7.0589866e-01
   7.0960101e-01   9.9065758e-02
   7.1169025e-01  -3.3239268e-02
   7.2042332e-01   6.9353460e-01
   7.2742850e-01  -5.7610812e-01
   7.3065104e-01  -3.6518475e-01
   7.3653419e-01   3.0328597e-01
   7.4096353e-01   4.3871355e-01
   7.4259406e-01   5.6426016e-01
   7.4394281e-01  -2.3144166e-01
   7.4684294e-01   1.6501989e-01
   7.5169958e-01  -1.0044083e-01
   7.5315076e-01   3.1627026e-02
   7.6049356e-01  -6.4934547e-01
   7.6284610e-01  -5.1323717e-01
   7.7288951e-01  -4.2745373e-01
   7.7433901e-01   6.3277097e-01
   7.7457332e-01   2.3268178e-01
   7.7704874e-01   3.7201113e-01
   7.8188444e-01  -2.9590908e-01
   7.8329371e-01   5.0291839e-01
   7.8458049e-01  -1.6891855e-01
   7.8750049e-01   9.6816104e-02
   7.9057680e-01  -3.5202451e-02
   8.0221016e-01  -3.5748962e-01
   8.0760667e-01  -5.8972151e-01
   8.1013574e-01   3.0310701e-01
   8.2031915e-01   4.3929362e-01
   8.2075881e-01  -4.6820661e-01
   8.2104837e-01   5.7085863e-01
   8.2485592e-01  -2.4106181e-01
   8.2558779e-01   1.6352436e-01
   8.3221927e-01  -1.0312942e-01
   8.3486478e-01   2.9732787e-02
   8.4521487e-01   2.3190157e-01
   8.4820025e-01  -5.2967569e-01
   8.5306105e-01   3.7335563e-01
   8.5412638e-01  -3.9565685e-01
   8.5725678e-01  -1.7311063e-01
   8.6260369e-01   5.0588029e-01
   8.6380826e-01   9.5975394e-02
   8.6775129e-01  -3.1655726e-01
   8.6782551e-01  -3.7648858e-02
   8.8175151e-01   3.0556336e-01
   8.8999444e-01  -4.5597138e-01
   8.9675209e-01  -2.5068524e-01
   8.9902140e-01   4.3790470e-01
   9.0551935e-01   1.6628050e-01
   9.1121231e-01   2.3598917e-01
   9.1365666e-01  -1.0906271e-01
   9.1827028e-01   2.9097834e-02
   9.2345188e-01  -1.8099094e-01
   9.2479504e-01  -3.8046569e-01
   9.3012516e-01   3.6724269e-01
   9.3429590e-01   9.8814904e-02
   9.3843924e-01  -4.0857768e-02
   9.5057458e-01  -3.1049632e-01
   9.5582391e-01   2.9393989e-01
   9.7167997e-01  -2.3630072e-01
   9.7653545e-01   2.1535671e-01
   9.8771808e-01  -1.5624657e-01
   9.8941703e-01   1.4509974e-01
   9.9636880e-01  -8.5142347e-02
   9.9784912e-01   6.5552555e-02
   9.9998684e-01  -5.1309806e-03
