  -9.9971936e-01   2.3689745e-02
  -9.8497387e-01  -1.7270345e-01
  -9.7603282e-01   2.1762338e-01
  -9.2922869e-01  -3.6950514e-01
  -9.0708773e-01   4.2094162e-01
  -8.3415725e-01  -5.5152668e-01
  -7.9951365e-01   6.0064792e-01
  -7.9931959e-01  -1.5614114e-01
  -7.8301036e-01   2.2417418e-01
  -7.3599072e-01   3.2462272e-02
  -7.0693097e-01  -7.0728255e-01
  -7.0138379e-01  -3.5670071e-01
  -6.7496938e-01   4.1799949e-01
  -6.5872201e-01   7.5238641e-01
  -5.8146330e-01  -5.3578945e-01
  -5.8133729e-01  -1.5872598e-01
  -5.6876870e-01   2.1601921e-01
  -5.5866507e-01  -8.2939336e-01
  -5.5072833e-01   6.0394640e-01
  -4.9682087e-01   8.6785311e-01
  -4.8121950e-01   2.7027515e-02
  -4.6260160e-01  -3.4991875e-01
  -4.4852900e-01   4.1519979e-01
  -4.3296059e-01  -6.9074037e-01
  -3.7854350e-01  -9.2558350e-01
  -3.5947581e-01   6.4734787e-01
  -3.4709225e-01  -1.6018397e-01
  -3.4353985e-01   2.1908385e-01
  -3.2747735e-01  -5.2839636e-01
  -3.1642072e-01   9.4861896e-01
  -2.3858273e-01   4.3081147e-01
  -2.3727114e-01   3.0128347e-02
  -2.2120862e-01  -3.4920779e-01
  -2.2093401e-01   7.8635645e-01
  -2.1959193e-01  -7.5538583e-01
  -1.8652372e-01  -9.8245046e-01
  -1.1983054e-01   2.2928120e-01
  -1.1608911e-01   6.0000621e-01
  -1.1215562e-01  -1.5690164e-01
  -1.0768432e-01  -5.6628902e-01
  -1.0628279e-01   9.9433594e-01
  -2.0791081e-09  -1.0000000e+00
  -1.2154989e-10   4.1097842e-01
   2.5329520e-11   4.0305518e-02
   3.9101630e-10  -3.6210641e-01
   1.1807434e-09  -7.8706952e-01
   1.4404571e-09   7.9503467e-01
   1.0628279e-01   9.9433594e-01
   1.0768432e-01  -5.6628902e-01
   1.1215563e-01  -1.5690164e-01
   1.1608911e-01   6.0000621e-01
   1.1983054e-01   2.2928120e-01
   1.8652372e-01  -9.8245046e-01
   2.1959194e-01  -7.5538583e-01
   2.2093402e-01   7.8635645e-01
   2.2120862e-01  -3.4920779e-01
   2.3727114e-01   3.0128347e-02
   2.3858273e-01   4.3081146e-01
   3.1642072e-01   9.4861896e-01
   3.2747736e-01  -5.2839636e-01
   3.4353985e-01   2.1908385e-01
   3.4709225e-01  -1.6018397e-01
   3.5947581e-01   6.4734786e-01
   3.7854350e-01  -9.2558350e-01
   4.3296060e-01  -6.9074037e-01
   4.4852900e-01   4.1519979e-01
   4.6260160e-01  -3.4991875e-01
   4.8121950e-01   2.7027516e-02
   4.9682086e-01   8.6785312e-01
   5.5072833e-01   6.0394640e-01
   5.5866506e-01  -8.2939336e-01
   5.6876870e-01   2.1601921e-01
   5.8133729e-01  -1.5872598e-01
   5.8146330e-01  -5.3578944e-01
   6.5872201e-01   7.5238642e-01
   6.7496938e-01   4.1799949e-01
   7.0138380e-01  -3.5670071e-01
   7.0693097e-01  -7.0728255e-01
   7.3599072e-01   3.2462274e-02
   7.8301036e-01   2.2417418e-01
   7.9931959e-01  -1.5614113e-01
   7.9951365e-01   6.0064792e-01
   8.3415725e-01  -5.5152668e-01
   9.0708773e-01   4.2094162e-01
   9.2922869e-01  -3.6950514e-01
   9.7603282e-01   2.1762338e-01
   9.8497387e-01  -1.7270345e-01
   9.9971936e-01   2.3689745e-02
