  -9.9985012e-01  -1.7312836e-02
  -9.9556874e-01   9.4036568e-02
  -9.9269568e-01  -1.2064527e-01
  -9.8039504e-01   1.9704204e-01
  -9.7660422e-01  -2.1504466e-01
  -9.5669950e-01   2.9107742e-01
  -9.4719721e-01  -3.2065159e-01
  -9.1977079e-01   3.4767837e-02
  -9.1823427e-01   3.9603766e-01
  -9.0908498e-01  -4.1661073e-01
  -9.0313047e-01  -6.2936312e-02
  -8.9624049e-01   1.3116998e-01
  -8.8570063e-01  -2.4444376e-01
  -8.7285522e-01  -1.5209581e-01
  -8.7078230e-01   4.9166878e-01
  -8.6621517e-01   3.1178474e-01
  -8.6248349e-01  -5.0608521e-01
  -8.6017584e-01   2.1863310e-01
  -8.4170474e-01  -3.3621087e-01
  -8.3205774e-01   3.1809945e-02
  -8.1606483e-01   4.0088956e-01
  -8.1347979e-01   5.8159318e-01
  -8.0880317e-01  -5.8807944e-01
  -8.0047290e-01  -6.4196449e-02
  -7.9753133e-01  -4.2481233e-01
  -7.9434393e-01   1.2621664e-01
  -7.9156344e-01  -2.3872410e-01
  -7.7379915e-01   3.0089103e-01
  -7.6620501e-01   4.8702606e-01
  -7.5497372e-01  -1.5055590e-01
  -7.4996331e-01  -6.6147943e-01
  -7.4615780e-01   6.6576913e-01
  -7.4611496e-01  -5.0995249e-01
  -7.4439196e-01   2.1110738e-01
  -7.3952765e-01  -3.3215782e-01
  -7.3635629e-01   2.9672000e-02
  -7.1613187e-01   3.9251294e-01
  -7.0989538e-01   5.6969251e-01
  -6.9311230e-01  -6.2623649e-02
  -6.8888730e-01  -4.2215438e-01
  -6.8873811e-01  -2.3996840e-01
  -6.8789855e-01   1.2079206e-01
  -6.8775964e-01  -5.9169999e-01
  -6.8761735e-01  -7.2607326e-01
  -6.7300273e-01   2.9907891e-01
  -6.6617717e-01   7.4579352e-01
  -6.6034350e-01   4.8247934e-01
  -6.4930338e-01   6.5326736e-01
  -6.4251884e-01  -1.5112779e-01
  -6.3423914e-01  -3.3167241e-01
  -6.3367294e-01   2.0893326e-01
  -6.3361786e-01   2.8345026e-02
  -6.3317442e-01  -5.0922682e-01
  -6.2397583e-01  -6.7129702e-01
  -6.1668934e-01  -7.8720662e-01
  -6.1382860e-01   3.9179583e-01
  -6.0234813e-01   5.7529736e-01
  -5.8817578e-01   8.0873311e-01
  -5.8517097e-01  -6.2615794e-02
  -5.8292803e-01  -2.4113073e-01
  -5.8101739e-01   1.1895848e-01
  -5.8024100e-01  -4.2164527e-01
  -5.7342995e-01  -5.9754731e-01
  -5.7023517e-01   3.0017942e-01
  -5.6388700e-01   6.9225656e-01
  -5.5806447e-01   4.8787901e-01
  -5.4436708e-01  -8.3884712e-01
  -5.3471317e-01  -7.1163670e-01
  -5.3277416e-01  -1.5208460e-01
  -5.2845304e-01   2.7791533e-02
  -5.2768053e-01  -3.3226318e-01
  -5.2626232e-01   2.0945175e-01
  -5.2436621e-01  -5.1257293e-01
  -5.1322967e-01   3.9629252e-01
  -5.1105323e-01   5.9594241e-01
  -5.0070340e-01   7.7148078e-01
  -4.9284022e-01   8.7011983e-01
  -4.7766585e-01  -6.2831634e-02
  -4.7709422e-01  -6.1587202e-01
  -4.7617996e-01  -2.4250847e-01
  -4.7492414e-01   1.1881178e-01
  -4.7332691e-01  -4.2421072e-01
  -4.6891581e-01  -7.8503521e-01
  -4.6830638e-01   3.0307674e-01
  -4.6266258e-01   4.9810708e-01
  -4.5708829e-01  -8.8942133e-01
  -4.5576673e-01   6.8708770e-01
  -4.2465107e-01  -1.5303707e-01
  -4.2294844e-01  -5.2165201e-01
  -4.2277498e-01   2.7744440e-02
  -4.2158212e-01  -3.3447625e-01
  -4.2154903e-01  -7.0155621e-01
  -4.2118179e-01   2.1073837e-01
  -4.1518846e-01   4.0003795e-01
  -4.1014167e-01   5.9223341e-01
  -4.0595578e-01   7.9572146e-01
  -4.0144095e-01   9.1588491e-01
  -3.7410706e-01  -8.0603587e-01
  -3.7388864e-01  -9.2747360e-01
  -3.7084162e-01  -6.3086962e-02
  -3.6985500e-01  -2.4430894e-01
  -3.6964213e-01   1.1912679e-01
  -3.6961888e-01  -4.2913077e-01
  -3.6950835e-01  -6.1160154e-01
  -3.6692104e-01   3.0426281e-01
  -3.6331898e-01   4.9302709e-01
  -3.6031068e-01   6.9223955e-01
  -3.2677441e-01   8.6283111e-01
  -3.2032475e-01  -7.0802805e-01
  -3.1779837e-01  -1.5404597e-01
  -3.1719767e-01   2.7760046e-02
  -3.1689202e-01   2.1090283e-01
  -3.1681891e-01  -3.3738863e-01
  -3.1666303e-01  -5.2066428e-01
  -3.1403760e-01   3.9611878e-01
  -3.1388084e-01   5.8661757e-01
  -3.0063918e-01  -8.6564249e-01
  -2.9840708e-01   7.7598632e-01
  -2.9118450e-01   9.5666692e-01
  -2.7578713e-01  -9.6121874e-01
  -2.6535904e-01  -6.1453199e-01
  -2.6467581e-01  -6.3432961e-02
  -2.6450874e-01   1.1893627e-01
  -2.6436076e-01  -2.4601298e-01
  -2.6386624e-01  -4.2936315e-01
  -2.6351075e-01   3.0183378e-01
  -2.6320616e-01   4.8755044e-01
  -2.6150638e-01   6.7168149e-01
  -2.5770896e-01  -7.8444210e-01
  -2.2690143e-01   8.7620648e-01
  -2.1182740e-01  -1.5487168e-01
  -2.1176387e-01   2.0951422e-01
  -2.1163724e-01   2.7509737e-02
  -2.1161899e-01  -5.2224104e-01
  -2.1148582e-01   5.7469689e-01
  -2.1131709e-01   3.9241733e-01
  -2.1124026e-01  -3.3783320e-01
  -2.0788703e-01  -6.9983910e-01
  -2.0780058e-01   7.5906402e-01
  -2.0086952e-01  -8.8206044e-01
  -1.8395366e-01   9.8293492e-01
  -1.8078187e-01  -9.8352322e-01
  -1.5939237e-01   6.6160531e-01
  -1.5922296e-01   4.8080963e-01
  -1.5893191e-01   2.9974616e-01
  -1.5886894e-01   1.1819997e-01
  -1.5886163e-01  -6.3825437e-02
  -1.5865438e-01  -2.4633350e-01
  -1.5863082e-01  -4.3008689e-01
  -1.5661700e-01  -6.1168462e-01
  -1.5237093e-01  -7.9492683e-01
  -1.4769048e-01   8.3062140e-01
  -1.1501967e-01   9.1942018e-01
  -1.0707069e-01   5.6845657e-01
  -1.0625026e-01   3.8888884e-01
  -1.0607362e-01   2.0858767e-01
  -1.0591811e-01  -1.5506198e-01
  -1.0588440e-01   2.7054881e-02
  -1.0583335e-01  -3.3807967e-01
  -1.0494986e-01  -5.2098388e-01
  -1.0231280e-01  -7.0603494e-01
  -1.0202215e-01  -8.9648204e-01
  -1.0135861e-01   7.4182246e-01
  -8.7839751e-02  -9.9613462e-01
  -6.0949006e-02   9.9814088e-01
  -5.3730704e-02   4.7736209e-01
  -5.3030987e-02   2.9846241e-01
  -5.3011626e-02   1.1775088e-01
  -5.2973839e-02  -2.4644770e-01
  -5.2946836e-02  -6.4029020e-02
  -5.2728777e-02  -4.2928088e-01
  -5.2168784e-02   6.5274567e-01
  -5.1713507e-02  -6.1420930e-01
  -5.0422722e-02  -8.0478224e-01
  -4.9819247e-02   8.3515358e-01
  -3.4007171e-08   5.6389175e-01
  -2.0254394e-08   3.8816625e-01
  -8.6432399e-09   2.0812464e-01
  -6.2491201e-09   7.4344973e-01
  -3.8187344e-09  -9.0399448e-01
  -2.9196619e-09   2.6935907e-02
  -6.8656577e-10  -1.5521184e-01
  -1.2367375e-10  -7.0961850e-01
   4.8902447e-11  -3.3767237e-01
   1.8424751e-10  -5.2141188e-01
   5.9389904e-09  -1.0000000e+00
   6.0806270e-08   9.2251132e-01
   4.9819316e-02   8.3515354e-01
   5.0422720e-02  -8.0478224e-01
   5.1713507e-02  -6.1420930e-01
   5.2168730e-02   6.5274563e-01
   5.2728777e-02  -4.2928088e-01
   5.2946833e-02  -6.4029021e-02
   5.2973838e-02  -2.4644770e-01
   5.3011615e-02   1.1775088e-01
   5.3030960e-02   2.9846240e-01
   5.3730651e-02   4.7736208e-01
   6.0949128e-02   9.9814087e-01
   8.7839761e-02  -9.9613462e-01
   1.0135860e-01   7.4182237e-01
   1.0202215e-01  -8.9648205e-01
   1.0231280e-01  -7.0603494e-01
   1.0494986e-01  -5.2098388e-01
   1.0583335e-01  -3.3807967e-01
   1.0588439e-01   2.7054879e-02
   1.0591811e-01  -1.5506199e-01
   1.0607360e-01   2.0858766e-01
   1.0625023e-01   3.8888883e-01
   1.0707064e-01   5.6845652e-01
   1.1501977e-01   9.1942011e-01
   1.4769054e-01   8.3062128e-01
   1.5237093e-01  -7.9492683e-01
   1.5661700e-01  -6.1168462e-01
   1.5863082e-01  -4.3008689e-01
   1.5865438e-01  -2.4633350e-01
   1.5886163e-01  -6.3825439e-02
   1.5886894e-01   1.1819996e-01
   1.5893189e-01   2.9974615e-01
   1.5922293e-01   4.8080959e-01
   1.5939234e-01   6.6160522e-01
   1.8078187e-01  -9.8352322e-01
   1.8395374e-01   9.8293490e-01
   2.0086952e-01  -8.8206044e-01
   2.0780059e-01   7.5906392e-01
   2.0788702e-01  -6.9983910e-01
   2.1124026e-01  -3.3783321e-01
   2.1131707e-01   3.9241730e-01
   2.1148580e-01   5.7469682e-01
   2.1161899e-01  -5.2224104e-01
   2.1163724e-01   2.7509733e-02
   2.1176386e-01   2.0951421e-01
   2.1182740e-01  -1.5487168e-01
   2.2690146e-01   8.7620642e-01
   2.5770896e-01  -7.8444210e-01
   2.6150637e-01   6.7168140e-01
   2.6320615e-01   4.8755039e-01
   2.6351074e-01   3.0183375e-01
   2.6386624e-01  -4.2936315e-01
   2.6436076e-01  -2.4601298e-01
   2.6450873e-01   1.1893627e-01
   2.6467581e-01  -6.3432963e-02
   2.6535904e-01  -6.1453199e-01
   2.7578713e-01  -9.6121874e-01
   2.9118453e-01   9.5666691e-01
   2.9840707e-01   7.7598627e-01
   3.0063918e-01  -8.6564249e-01
   3.1388083e-01   5.8661751e-01
   3.1403760e-01   3.9611874e-01
   3.1666303e-01  -5.2066428e-01
   3.1681891e-01  -3.3738863e-01
   3.1689202e-01   2.1090281e-01
   3.1719767e-01   2.7760041e-02
   3.1779837e-01  -1.5404597e-01
   3.2032475e-01  -7.0802805e-01
   3.2677443e-01   8.6283108e-01
   3.6031066e-01   6.9223952e-01
   3.6331898e-01   4.9302705e-01
   3.6692104e-01   3.0426278e-01
   3.6950835e-01  -6.1160154e-01
   3.6961888e-01  -4.2913077e-01
   3.6964213e-01   1.1912678e-01
   3.6985500e-01  -2.4430894e-01
   3.7084162e-01  -6.3086965e-02
   3.7388864e-01  -9.2747360e-01
   3.7410706e-01  -8.0603587e-01
   4.0144096e-01   9.1588490e-01
   4.0595577e-01   7.9572144e-01
   4.1014166e-01   5.9223339e-01
   4.1518847e-01   4.0003793e-01
   4.2118179e-01   2.1073835e-01
   4.2154903e-01  -7.0155621e-01
   4.2158212e-01  -3.3447625e-01
   4.2277498e-01   2.7744436e-02
   4.2294844e-01  -5.2165201e-01
   4.2465108e-01  -1.5303707e-01
   4.5576672e-01   6.8708769e-01
   4.5708829e-01  -8.8942133e-01
   4.6266258e-01   4.9810707e-01
   4.6830639e-01   3.0307673e-01
   4.6891581e-01  -7.8503521e-01
   4.7332691e-01  -4.2421072e-01
   4.7492414e-01   1.1881178e-01
   4.7617996e-01  -2.4250847e-01
   4.7709422e-01  -6.1587202e-01
   4.7766585e-01  -6.2831635e-02
   4.9284022e-01   8.7011983e-01
   5.0070339e-01   7.7148078e-01
   5.1105321e-01   5.9594241e-01
   5.1322968e-01   3.9629252e-01
   5.2436621e-01  -5.1257293e-01
   5.2626233e-01   2.0945175e-01
   5.2768053e-01  -3.3226318e-01
   5.2845305e-01   2.7791531e-02
   5.3277416e-01  -1.5208460e-01
   5.3471317e-01  -7.1163670e-01
   5.4436708e-01  -8.3884712e-01
   5.5806447e-01   4.8787902e-01
   5.6388698e-01   6.9225657e-01
   5.7023518e-01   3.0017942e-01
   5.7342995e-01  -5.9754731e-01
   5.8024100e-01  -4.2164527e-01
   5.8101739e-01   1.1895848e-01
   5.8292803e-01  -2.4113073e-01
   5.8517097e-01  -6.2615794e-02
   5.8817577e-01   8.0873312e-01
   6.0234812e-01   5.7529738e-01
   6.1382861e-01   3.9179584e-01
   6.1668934e-01  -7.8720662e-01
   6.2397583e-01  -6.7129702e-01
   6.3317442e-01  -5.0922682e-01
   6.3361786e-01   2.8345027e-02
   6.3367295e-01   2.0893327e-01
   6.3423915e-01  -3.3167241e-01
   6.4251884e-01  -1.5112779e-01
   6.4930336e-01   6.5326738e-01
   6.6034349e-01   4.8247936e-01
   6.6617715e-01   7.4579354e-01
   6.7300273e-01   2.9907892e-01
   6.8761735e-01  -7.2607326e-01
   6.8775964e-01  -5.9169999e-01
   6.8789855e-01   1.2079206e-01
   6.8873812e-01  -2.3996840e-01
   6.8888730e-01  -4.2215437e-01
   6.9311231e-01  -6.2623647e-02
   7.0989537e-01   5.6969253e-01
   7.1613187e-01   3.9251295e-01
   7.3635629e-01   2.9672004e-02
   7.3952765e-01  -3.3215782e-01
   7.4439196e-01   2.1110739e-01
   7.4611496e-01  -5.0995249e-01
   7.4615778e-01   6.6576915e-01
   7.4996331e-01  -6.6147943e-01
   7.5497372e-01  -1.5055590e-01
   7.6620500e-01   4.8702608e-01
   7.7379916e-01   3.0089105e-01
   7.9156344e-01  -2.3872410e-01
   7.9434394e-01   1.2621664e-01
   7.9753133e-01  -4.2481233e-01
   8.0047290e-01  -6.4196445e-02
   8.0880317e-01  -5.8807944e-01
   8.1347977e-01   5.8159321e-01
   8.1606482e-01   4.0088958e-01
   8.3205774e-01   3.1809951e-02
   8.4170474e-01  -3.3621087e-01
   8.6017585e-01   2.1863311e-01
   8.6248349e-01  -5.0608520e-01
   8.6621517e-01   3.1178476e-01
   8.7078228e-01   4.9166881e-01
   8.7285522e-01  -1.5209581e-01
   8.8570063e-01  -2.4444376e-01
   8.9624049e-01   1.3116999e-01
   9.0313047e-01  -6.2936304e-02
   9.0908498e-01  -4.1661072e-01
   9.1823426e-01   3.9603768e-01
   9.1977079e-01   3.4767847e-02
   9.4719721e-01  -3.2065158e-01
   9.5669950e-01   2.9107744e-01
   9.7660422e-01  -2.1504466e-01
   9.8039504e-01   1.9704206e-01
   9.9269568e-01  -1.2064526e-01
   9.9556874e-01   9.4036579e-02
   9.9985012e-01  -1.7312825e-02
