  -9.9810682e-01  -6.1504224e-02
  -9.9661101e-01   8.2258733e-02
  -9.7525703e-01  -2.2107403e-01
  -9.7328288e-01   2.2960932e-01
  -9.3184635e-01  -3.6285310e-01
  -9.2947719e-01   3.6887959e-01
  -8.6264971e-01   5.0580182e-01
  -8.6240139e-01  -9.8460018e-02
  -8.5720828e-01  -5.1496987e-01
  -8.4887642e-01   1.9334991e-01
  -8.1970588e-01   4.5695874e-02
  -7.9272693e-01  -2.3280085e-01
  -7.9186269e-01  -3.7126218e-01
  -7.8332018e-01   3.3777150e-01
  -7.7218273e-01   6.3540053e-01
  -7.6078543e-01  -6.4900350e-01
  -7.0699326e-01   4.7077399e-01
  -7.0669043e-01  -8.7856200e-02
  -7.0270550e-01  -4.9907435e-01
  -7.0263677e-01   1.8230440e-01
  -6.5914459e-01   7.5201623e-01
  -6.4646940e-01  -3.5213645e-01
  -6.3773398e-01  -7.7025669e-01
  -6.3705476e-01   4.5407197e-02
  -6.2283294e-01   3.2198994e-01
  -6.1556979e-01   5.9098487e-01
  -6.1525832e-01  -2.1737804e-01
  -6.1290082e-01  -6.2633874e-01
  -5.4589436e-01  -4.9593026e-01
  -5.3932326e-01   1.7934081e-01
  -5.3643096e-01   4.5222766e-01
  -5.3537524e-01  -8.5645286e-02
  -5.1908606e-01   8.5472198e-01
  -5.1502783e-01   7.0835112e-01
  -5.1307940e-01  -8.5834115e-01
  -4.9398279e-01  -3.5768703e-01
  -4.8398330e-01  -6.7434443e-01
  -4.5863131e-01   4.4926604e-02
  -4.5399060e-01   3.1340292e-01
  -4.4343481e-01  -2.2353415e-01
  -4.4189257e-01   5.8041501e-01
  -4.0760245e-01  -5.2356402e-01
  -3.8770158e-01  -7.8622861e-01
  -3.8284588e-01   9.2381223e-01
  -3.7138707e-01   7.4119051e-01
  -3.6921911e-01   1.7690116e-01
  -3.6533046e-01   4.4564639e-01
  -3.6503694e-01  -9.1684810e-02
  -3.5647970e-01  -9.3430307e-01
  -3.4404297e-01  -3.7701296e-01
  -3.1638611e-01  -6.5645834e-01
  -2.8566762e-01   5.9244578e-01
  -2.8546089e-01   4.0948912e-02
  -2.8337410e-01   3.1084682e-01
  -2.7868658e-01  -2.3665219e-01
  -2.6254415e-01   8.3553054e-01
  -2.4783528e-01  -5.1921475e-01
  -2.3991967e-01  -8.1785066e-01
  -2.1818463e-01   9.7590751e-01
  -2.0117773e-01   4.5175186e-01
  -2.0026946e-01  -9.7974085e-01
  -1.9933836e-01   1.7521665e-01
  -1.9859577e-01  -9.9679571e-02
  -1.9118845e-01   7.0827497e-01
  -1.8315535e-01  -3.7974298e-01
  -1.6590637e-01  -6.7841318e-01
  -1.1687586e-01   3.7214422e-02
  -1.1679387e-01   3.1420877e-01
  -1.1272838e-01  -2.4111199e-01
  -1.0960960e-01   5.7846651e-01
  -1.0521964e-01   8.5072239e-01
  -9.6034035e-02  -5.3470546e-01
  -9.4941587e-02  -8.4229544e-01
  -5.8206910e-02   9.9830454e-01
  -4.1345018e-02  -9.9914493e-01
  -3.2787921e-02   1.7630769e-01
  -3.2446131e-02  -1.0285120e-01
  -2.8575859e-02   4.4793905e-01
  -2.6432647e-02  -3.8959282e-01
  -2.3590033e-02   7.1436859e-01
  -1.7020378e-02  -6.9217175e-01
   4.8882183e-02   3.5737452e-02
   4.9250744e-02  -2.4615251e-01
   5.1173877e-02   8.5583097e-01
   5.1788332e-02   3.1519883e-01
   5.4203057e-02  -8.4571462e-01
   5.5972181e-02  -5.4017493e-01
   6.2341015e-02   5.8437971e-01
   9.7340885e-02   9.9525110e-01
   1.1511132e-01  -9.9335260e-01
   1.3074901e-01  -3.9088080e-01
   1.3197156e-01  -1.0586926e-01
   1.3254872e-01   1.7488037e-01
   1.3448729e-01  -6.8701159e-01
   1.4060637e-01   4.5867147e-01
   1.4546131e-01   7.1854347e-01
   2.0491904e-01  -8.2831354e-01
   2.1126740e-01  -5.3299080e-01
   2.1156107e-01  -2.4890477e-01
   2.1283629e-01   8.4506621e-01
   2.1318933e-01   3.1586106e-01
   2.1329110e-01   3.5468241e-02
   2.3858980e-01   6.0658701e-01
   2.4354722e-01   9.6988904e-01
   2.6347935e-01  -9.6466504e-01
   2.9044649e-01  -6.6899041e-01
   2.9245937e-01  -3.9248704e-01
   2.9553571e-01  -1.0437983e-01
   2.9707194e-01   4.6098748e-01
   2.9760527e-01   1.7560209e-01
   3.3087925e-01   7.5733482e-01
   3.5753274e-01  -7.9485385e-01
   3.7152484e-01  -2.4043214e-01
   3.7242751e-01   3.1844361e-01
   3.7619778e-01  -5.3837611e-01
   3.7748782e-01   3.3759508e-02
   3.8389514e-01   9.2337670e-01
   3.9880624e-01   6.0112624e-01
   4.0060374e-01  -9.1625141e-01
   4.4627163e-01  -3.7733878e-01
   4.5429379e-01   4.6604208e-01
   4.6141812e-01   1.6799989e-01
   4.6495661e-01  -9.8874863e-02
   4.6706114e-01  -6.8666812e-01
   4.8345494e-01   7.2140586e-01
   5.1255836e-01   8.5865239e-01
   5.2211602e-01   3.0239781e-01
   5.2224834e-01  -5.1190627e-01
   5.3322011e-01  -8.4597655e-01
   5.3417723e-01  -2.3168080e-01
   5.4758765e-01   3.5953133e-02
   5.8278427e-01   6.0193357e-01
   5.8965806e-01   4.4167056e-01
   6.0215688e-01  -6.3190209e-01
   6.0722408e-01  -3.7029285e-01
   6.3551242e-01   1.7043756e-01
   6.4058424e-01  -9.3268914e-02
   6.4382227e-01   7.6517506e-01
   6.5045447e-01  -7.5954525e-01
   6.7759842e-01   3.0984472e-01
   6.9151854e-01  -5.0505716e-01
   6.9366358e-01  -2.2869767e-01
   7.1546823e-01   4.9203080e-01
   7.1756800e-01   4.2005734e-02
   7.5183965e-01   6.5934600e-01
   7.6690409e-01  -6.4176173e-01
   7.6936366e-01  -3.7578842e-01
   8.0214248e-01   3.4873429e-01
   8.1301989e-01   1.8958736e-01
   8.2032818e-01  -9.6738772e-02
   8.4155576e-01  -2.3822593e-01
   8.4674520e-01   5.3199866e-01
   8.6036114e-01  -5.0968491e-01
   8.6900027e-01   4.5510674e-02
   9.1594967e-01   4.0129315e-01
   9.3181498e-01  -3.6293367e-01
   9.6537619e-01   2.6086167e-01
   9.8015850e-01  -1.9821534e-01
   9.9312418e-01   1.1706564e-01
   9.9879403e-01  -4.9096694e-02
