  -9.9758588e-01  -6.9443612e-02
  -9.9732530e-01   7.3090697e-02
  -9.7575461e-01   2.1886743e-01
  -9.7421288e-01  -2.2563081e-01
  -9.3346270e-01   3.5867450e-01
  -9.3081663e-01  -3.6548653e-01
  -8.6845358e-01   4.9577049e-01
  -8.6230236e-01  -9.9279137e-02
  -8.5681499e-01  -5.1562397e-01
  -8.5071382e-01   1.8728746e-01
  -8.1820647e-01   4.2669912e-02
  -7.9296768e-01  -2.3343401e-01
  -7.9203620e-01  -3.7100243e-01
  -7.8612928e-01   3.3122184e-01
  -7.8019013e-01   6.2554245e-01
  -7.6121016e-01  -6.4850528e-01
  -7.1184344e-01   4.6372830e-01
  -7.0631428e-01  -9.0057178e-02
  -7.0369911e-01  -4.9844910e-01
  -7.0341139e-01   1.7852605e-01
  -6.6981121e-01   7.4253145e-01
  -6.4735175e-01  -3.5232996e-01
  -6.3918909e-01  -7.6904961e-01
  -6.3632185e-01   4.2536541e-02
  -6.2528953e-01   3.1729611e-01
  -6.2271312e-01   5.8368503e-01
  -6.1540049e-01  -2.1859566e-01
  -6.1448739e-01  -6.2530662e-01
  -5.4756824e-01  -4.9579940e-01
  -5.4117272e-01   4.4694005e-01
  -5.4030417e-01   1.7590866e-01
  -5.3530774e-01  -8.7881309e-02
  -5.3294302e-01   8.4615113e-01
  -5.2491139e-01   7.0129338e-01
  -5.1551132e-01  -8.5688277e-01
  -4.9525970e-01  -3.5853260e-01
  -4.8626696e-01  -6.7362983e-01
  -4.5880066e-01   4.2114525e-02
  -4.5682306e-01   3.0935868e-01
  -4.4948255e-01   5.7487612e-01
  -4.4401037e-01  -2.2527744e-01
  -4.0973253e-01  -5.2378266e-01
  -4.0001070e-01   9.1651047e-01
  -3.9058713e-01  -7.8527193e-01
  -3.8294885e-01   7.3516620e-01
  -3.7084453e-01   1.7359114e-01
  -3.7067624e-01   4.4109577e-01
  -3.6567376e-01  -9.4147893e-02
  -3.6019261e-01  -9.3287796e-01
  -3.4566366e-01  -3.7822824e-01
  -3.1923624e-01  -6.5642828e-01
  -2.9453465e-01   5.8735007e-01
  -2.8690054e-01   3.0688190e-01
  -2.8657943e-01   3.8034129e-02
  -2.7989152e-01  -2.3868313e-01
  -2.7725861e-01   8.3015282e-01
  -2.5041476e-01  -5.2016418e-01
  -2.4357821e-01  -8.1729826e-01
  -2.3962125e-01   9.7086645e-01
  -2.0759298e-01   4.4695765e-01
  -2.0532746e-01  -9.7869333e-01
  -2.0378780e-01   7.0402674e-01
  -2.0168595e-01   1.7178374e-01
  -2.0004201e-01  -1.0218012e-01
  -1.8531184e-01  -3.8151389e-01
  -1.6924071e-01  -6.7876930e-01
  -1.2247326e-01   8.4780158e-01
  -1.2094301e-01   3.0991062e-01
  -1.2060273e-01   5.7425334e-01
  -1.1875615e-01   3.4447009e-02
  -1.1480225e-01  -2.4337051e-01
  -9.9275955e-02  -8.4216104e-01
  -9.9025648e-02  -5.3594330e-01
  -8.4128446e-02   9.9645492e-01
  -4.8043951e-02  -9.9884522e-01
  -3.8934964e-02   7.1190447e-01
  -3.6468517e-02   4.4325857e-01
  -3.5497970e-02   1.7314984e-01
  -3.4864216e-02  -1.0517128e-01
  -2.9213764e-02  -3.9155923e-01
  -2.0872271e-02  -6.9300174e-01
   3.0323558e-02   8.5619913e-01
   4.6119913e-02  -2.4838070e-01
   4.6348621e-02   3.3607411e-02
   4.7468270e-02   3.1162164e-01
   4.7710630e-02   5.8061809e-01
   4.9222870e-02  -8.4634352e-01
   5.2427804e-02  -5.4198403e-01
   6.6966229e-02   9.9775524e-01
   1.0630153e-01  -9.9433394e-01
   1.2537530e-01   7.1903355e-01
   1.2704901e-01  -3.9332233e-01
   1.2827980e-01  -1.0773103e-01
   1.2971847e-01   1.7306844e-01
   1.3008926e-01  -6.8885841e-01
   1.3169643e-01   4.5478735e-01
   1.8754909e-01   8.5133791e-01
   1.9948596e-01  -8.3027022e-01
   2.0686521e-01  -2.5146478e-01
   2.0695195e-01  -5.3566236e-01
   2.0962075e-01   3.1429851e-01
   2.0983590e-01   3.4468887e-02
   2.1028663e-01   9.7763978e-01
   2.1772639e-01   6.0487503e-01
   2.5185792e-01  -9.6776422e-01
   2.8527566e-01  -6.7150861e-01
   2.8755959e-01  -3.9602894e-01
   2.8891229e-01   4.5999437e-01
   2.8975228e-01  -1.0645634e-01
   2.9448520e-01   1.7599596e-01
   3.0125544e-01   7.6309970e-01
   3.5057108e-01   9.3653613e-01
   3.5078397e-01  -7.9713884e-01
   3.6487660e-01  -2.4498171e-01
   3.6986021e-01   3.2058425e-01
   3.7086456e-01   6.0715181e-01
   3.7118138e-01  -5.4214974e-01
   3.7205409e-01   3.3255871e-02
   3.8648071e-01  -9.2229749e-01
   4.4082942e-01  -3.8241869e-01
   4.4676249e-01   4.7182028e-01
   4.4762385e-01   7.4326911e-01
   4.5552017e-01  -1.0400996e-01
   4.5689931e-01   1.6945277e-01
   4.6095285e-01  -6.9094788e-01
   4.7769485e-01   8.7852583e-01
   5.1671016e-01  -5.1671346e-01
   5.1915093e-01  -8.5468258e-01
   5.1933172e-01   3.0593269e-01
   5.2659853e-01  -2.3856163e-01
   5.3807368e-01   3.0438264e-02
   5.3854146e-01   6.2479255e-01
   5.8419250e-01   4.4310370e-01
   5.9529289e-01  -6.3633888e-01
   6.0206186e-01  -3.7658667e-01
   6.0726063e-01   7.9450269e-01
   6.2658796e-01   1.6092260e-01
   6.2813592e-01  -1.0185482e-01
   6.3501600e-01  -7.7249898e-01
   6.6245982e-01   5.6657297e-01
   6.7180865e-01   2.9298914e-01
   6.8556111e-01  -5.1023819e-01
   6.8707713e-01  -2.3715439e-01
   7.0803452e-01   2.9853038e-02
   7.1348528e-01   7.0067022e-01
   7.4155146e-01   4.3347404e-01
   7.5098281e-01  -6.6032175e-01
   7.6542779e-01  -3.8030583e-01
   8.0650380e-01   1.6246123e-01
   8.0666296e-01  -1.0525901e-01
   8.1688388e-01   5.7680215e-01
   8.1830035e-01   2.9832256e-01
   8.3855765e-01  -2.3975889e-01
   8.4353956e-01  -5.3706705e-01
   8.6919982e-01   2.4296530e-02
   8.9632550e-01   4.4339665e-01
   9.1456012e-01  -4.0444998e-01
   9.5474358e-01   2.9743015e-01
   9.6415996e-01  -2.6532163e-01
   9.8687227e-01   1.6150272e-01
   9.9213849e-01  -1.2514474e-01
   9.9987325e-01   1.5921114e-02
