  -9.9964001e-01   2.6830135e-02
  -9.8800975e-01  -1.5439148e-01
  -9.8109587e-01   1.9352234e-01
  -9.4702039e-01  -3.2117345e-01
  -9.3689101e-01   3.4962155e-01
  -8.7995239e-01  -4.7506188e-01
  -8.6502365e-01   5.0173108e-01
  -8.3022850e-01  -5.2334942e-02
  -8.0321918e-01   1.3475361e-01
  -7.9650225e-01  -2.6072083e-01
  -7.8150871e-01  -6.2389432e-01
  -7.5912788e-01   6.5094152e-01
  -7.5774877e-01   3.0646683e-01
  -7.0606592e-01  -4.2860345e-01
  -6.8633930e-01   4.7679439e-01
  -6.7403122e-01  -1.3531424e-01
  -6.4888493e-01  -7.6088655e-01
  -6.3985578e-01   3.7603373e-02
  -6.3848454e-01   7.6963465e-01
  -6.0514797e-01  -5.8755477e-01
  -5.8784962e-01  -2.9057476e-01
  -5.8681487e-01   2.0096624e-01
  -5.5435419e-01   3.6424859e-01
  -5.4946247e-01   5.9028560e-01
  -5.1278222e-01  -8.5851872e-01
  -4.9897742e-01   8.6661499e-01
  -4.9724793e-01  -4.5369733e-01
  -4.9569692e-01  -1.0804998e-01
  -4.4185680e-01  -6.5816834e-01
  -4.3971455e-01   7.1585840e-02
  -4.2133030e-01   7.3253444e-01
  -4.1367939e-01   4.3922487e-01
  -4.0196756e-01  -2.7984937e-01
  -3.7121767e-01   2.4884515e-01
  -3.5637771e-01  -9.3434198e-01
  -3.4482626e-01   9.3866653e-01
  -3.4014456e-01   5.8939959e-01
  -3.2615746e-01  -4.6955353e-01
  -3.1643634e-01  -9.6469023e-02
  -3.0986567e-01  -7.8311610e-01
  -2.4813411e-01   8.5819828e-02
  -2.3427925e-01   7.7179020e-01
  -2.3320725e-01   4.0276398e-01
  -2.3269733e-01  -6.2573875e-01
  -2.2657292e-01  -2.8179606e-01
  -1.9392966e-01  -9.8101544e-01
  -1.8145288e-01   9.8339964e-01
  -1.7403766e-01   5.7892729e-01
  -1.5309688e-01   2.5381340e-01
  -1.3889331e-01  -9.7078148e-02
  -1.3584146e-01  -4.5357978e-01
  -1.2657939e-01  -8.0972918e-01
  -6.6663427e-02   8.3248175e-01
  -5.7069346e-02   7.7752281e-02
  -4.4776147e-02  -6.3308422e-01
  -4.2343132e-02  -2.7561875e-01
  -3.7077228e-02   6.6109381e-01
  -3.4134100e-02   4.4404110e-01
  -1.9298778e-02  -9.9981376e-01
   6.2674161e-04   9.9999980e-01
   3.5109183e-02   2.5378934e-01
   4.7263919e-02  -1.0254067e-01
   4.9109411e-02  -4.5300375e-01
   5.4335126e-02  -8.1342801e-01
   1.1635829e-01   8.0848150e-01
   1.1942414e-01   6.0751095e-01
   1.2933056e-01   6.5218671e-02
   1.3966489e-01  -6.2508020e-01
   1.4567535e-01  -2.7822841e-01
   1.5081433e-01   4.1542836e-01
   1.5997169e-01  -9.8712160e-01
   1.6808046e-01   9.8577328e-01
   2.2388517e-01   2.2476796e-01
   2.3441860e-01  -7.8883733e-01
   2.3876473e-01  -1.1607395e-01
   2.3879344e-01  -4.4458686e-01
   2.8661441e-01   5.7204820e-01
   2.8812243e-01   7.6121115e-01
   3.1986867e-01   4.5949321e-02
   3.2558495e-01   9.4551279e-01
   3.2821931e-01  -5.9799522e-01
   3.3351022e-01  -9.4274648e-01
   3.3408114e-01   3.7577166e-01
   3.4526564e-01  -2.9071758e-01
   4.1434796e-01  -7.3741870e-01
   4.2102946e-01   2.0693491e-01
   4.3398926e-01  -1.3331564e-01
   4.4865468e-01  -4.5633621e-01
   4.5365625e-01   5.1516353e-01
   4.6403666e-01   6.9012915e-01
   4.7966984e-01   8.7744905e-01
   4.9329680e-01  -8.6986106e-01
   5.0717315e-01   3.1810205e-02
   5.3933902e-01   3.6255979e-01
   5.4851871e-01  -6.1281669e-01
   5.4934971e-01  -3.0699235e-01
   6.1573538e-01   2.0097257e-01
   6.2717039e-01   5.5410265e-01
   6.2766943e-01  -1.4603672e-01
   6.3104611e-01   7.7574532e-01
   6.3656149e-01  -7.7122595e-01
   6.6275801e-01  -4.7345776e-01
   6.8444230e-01   2.7183892e-02
   7.2425555e-01   3.8832306e-01
   7.5223373e-01  -3.1618936e-01
   7.5413323e-01   6.5672145e-01
   7.6321862e-01  -6.4614034e-01
   7.9412892e-01   2.1864438e-01
   8.1684555e-01  -1.4356676e-01
   8.4439435e-01   4.1681578e-02
   8.5389955e-01   5.2043785e-01
   8.6716123e-01  -4.9802752e-01
   9.3286258e-01   3.6023244e-01
   9.4190603e-01  -3.3587652e-01
   9.8279316e-01   1.8470953e-01
   9.8525632e-01  -1.7108470e-01
   9.9999766e-01  -2.1636267e-03
